(kicad_pcb (version 20171130) (host pcbnew "(5.1.9)-1")

  (general
    (thickness 1.6)
    (drawings 110)
    (tracks 352)
    (zones 0)
    (modules 66)
    (nets 39)
  )

  (page A4)
  (layers
    (0 F.Cu signal)
    (31 B.Cu signal)
    (32 B.Adhes user hide)
    (33 F.Adhes user hide)
    (34 B.Paste user hide)
    (35 F.Paste user hide)
    (36 B.SilkS user hide)
    (37 F.SilkS user)
    (38 B.Mask user hide)
    (39 F.Mask user hide)
    (40 Dwgs.User user hide)
    (41 Cmts.User user hide)
    (42 Eco1.User user hide)
    (43 Eco2.User user hide)
    (44 Edge.Cuts user)
    (45 Margin user hide)
    (46 B.CrtYd user hide)
    (47 F.CrtYd user hide)
    (48 B.Fab user hide)
    (49 F.Fab user hide)
  )

  (setup
    (last_trace_width 0.762)
    (trace_clearance 0.508)
    (zone_clearance 0.508)
    (zone_45_only no)
    (trace_min 0.254)
    (via_size 0.7874)
    (via_drill 0.4064)
    (via_min_size 0.508)
    (via_min_drill 0.3048)
    (uvia_size 0.508)
    (uvia_drill 0.3048)
    (uvias_allowed no)
    (uvia_min_size 0.3048)
    (uvia_min_drill 0.3048)
    (edge_width 0.1)
    (segment_width 0.2)
    (pcb_text_width 0.3)
    (pcb_text_size 1.5 1.5)
    (mod_edge_width 0.15)
    (mod_text_size 1 1)
    (mod_text_width 0.15)
    (pad_size 1.8 1.8)
    (pad_drill 0.9)
    (pad_to_mask_clearance 0)
    (aux_axis_origin 0 0)
    (visible_elements 7FFFFFFF)
    (pcbplotparams
      (layerselection 0x010e0_ffffffff)
      (usegerberextensions false)
      (usegerberattributes false)
      (usegerberadvancedattributes false)
      (creategerberjobfile false)
      (excludeedgelayer true)
      (linewidth 0.100000)
      (plotframeref false)
      (viasonmask false)
      (mode 1)
      (useauxorigin false)
      (hpglpennumber 1)
      (hpglpenspeed 20)
      (hpglpendiameter 15.000000)
      (psnegative false)
      (psa4output false)
      (plotreference true)
      (plotvalue true)
      (plotinvisibletext false)
      (padsonsilk false)
      (subtractmaskfromsilk false)
      (outputformat 1)
      (mirror false)
      (drillshape 0)
      (scaleselection 1)
      (outputdirectory "PCB Order/"))
  )

  (net 0 "")
  (net 1 GND)
  (net 2 "Net-(D11-Pad1)")
  (net 3 "Net-(D12-Pad1)")
  (net 4 "Net-(R1-Pad2)")
  (net 5 +5V)
  (net 6 "Net-(R15-Pad2)")
  (net 7 "Net-(R16-Pad1)")
  (net 8 VREF)
  (net 9 "Net-(R2-Pad2)")
  (net 10 "Net-(R4-Pad2)")
  (net 11 "Net-(R12-Pad2)")
  (net 12 "Net-(R13-Pad2)")
  (net 13 "Net-(R3-Pad2)")
  (net 14 "Net-(R5-Pad2)")
  (net 15 "Net-(R11-Pad2)")
  (net 16 "Net-(R14-Pad2)")
  (net 17 "Net-(R10-Pad2)")
  (net 18 "Net-(R6-Pad2)")
  (net 19 "Net-(R7-Pad2)")
  (net 20 VIN)
  (net 21 /S2)
  (net 22 /S1)
  (net 23 /S0)
  (net 24 "Net-(D1-Pad2)")
  (net 25 "Net-(D2-Pad2)")
  (net 26 "Net-(D3-Pad2)")
  (net 27 "Net-(D4-Pad2)")
  (net 28 "Net-(D5-Pad2)")
  (net 29 "Net-(D6-Pad2)")
  (net 30 "Net-(D7-Pad2)")
  (net 31 "Net-(D8-Pad2)")
  (net 32 "Net-(D9-Pad2)")
  (net 33 "Net-(D10-Pad2)")
  (net 34 "Net-(R23-Pad2)")
  (net 35 "Net-(R25-Pad2)")
  (net 36 "Net-(R27-Pad2)")
  (net 37 "Net-(R29-Pad1)")
  (net 38 GS)

  (net_class Default "This is the default net class."
    (clearance 0.508)
    (trace_width 0.762)
    (via_dia 0.7874)
    (via_drill 0.4064)
    (uvia_dia 0.508)
    (uvia_drill 0.3048)
    (diff_pair_width 0.254)
    (diff_pair_gap 0.254)
    (add_net +5V)
    (add_net /S0)
    (add_net /S1)
    (add_net /S2)
    (add_net GND)
    (add_net GS)
    (add_net "Net-(D1-Pad2)")
    (add_net "Net-(D10-Pad2)")
    (add_net "Net-(D11-Pad1)")
    (add_net "Net-(D12-Pad1)")
    (add_net "Net-(D2-Pad2)")
    (add_net "Net-(D3-Pad2)")
    (add_net "Net-(D4-Pad2)")
    (add_net "Net-(D5-Pad2)")
    (add_net "Net-(D6-Pad2)")
    (add_net "Net-(D7-Pad2)")
    (add_net "Net-(D8-Pad2)")
    (add_net "Net-(D9-Pad2)")
    (add_net "Net-(R1-Pad2)")
    (add_net "Net-(R10-Pad2)")
    (add_net "Net-(R11-Pad2)")
    (add_net "Net-(R12-Pad2)")
    (add_net "Net-(R13-Pad2)")
    (add_net "Net-(R14-Pad2)")
    (add_net "Net-(R15-Pad2)")
    (add_net "Net-(R16-Pad1)")
    (add_net "Net-(R2-Pad2)")
    (add_net "Net-(R23-Pad2)")
    (add_net "Net-(R25-Pad2)")
    (add_net "Net-(R27-Pad2)")
    (add_net "Net-(R29-Pad1)")
    (add_net "Net-(R3-Pad2)")
    (add_net "Net-(R4-Pad2)")
    (add_net "Net-(R5-Pad2)")
    (add_net "Net-(R6-Pad2)")
    (add_net "Net-(R7-Pad2)")
    (add_net VIN)
    (add_net VREF)
  )

  (module "Rays Footprints:Bourns-3310Y-xxx-xxxx" (layer F.Cu) (tedit 60994F78) (tstamp 60996157)
    (at 99.06 62.357)
    (path /60B3DD0D)
    (fp_text reference R35 (at 0 -5.654235) (layer F.SilkS)
      (effects (font (size 1.016 1.016) (thickness 0.1524)))
    )
    (fp_text value Bourns-3310Y-xxx-xxxx (at 0 5.9) (layer F.Fab)
      (effects (font (size 1.001094 1.001094) (thickness 0.015)))
    )
    (fp_text user 0 (at -3.175 -0.635 180) (layer F.SilkS)
      (effects (font (size 0.762 0.762) (thickness 0.1016)))
    )
    (fp_text user CCW (at -2.55 1.2) (layer F.Fab)
      (effects (font (size 0.762 0.762) (thickness 0.1016)))
    )
    (fp_text user CW (at 2.45 1.2) (layer F.Fab)
      (effects (font (size 0.762 0.762) (thickness 0.1016)))
    )
    (fp_line (start -3.81 1.27) (end -3.175 1.27) (layer F.SilkS) (width 0.127))
    (fp_line (start -3.81 1.27) (end -3.81 0.635) (layer F.SilkS) (width 0.127))
    (fp_line (start -3.81 1.27) (end -1.905 -0.635) (layer F.SilkS) (width 0.0508))
    (fp_line (start -1.397 -5.09) (end -1.651 -5.09) (layer F.SilkS) (width 0.0508))
    (fp_line (start -1.013 -4.69) (end -1.27 -5.39) (layer F.SilkS) (width 0.0508))
    (fp_line (start -1.29 -5.39) (end -1.397 -5.09) (layer F.SilkS) (width 0.0508))
    (fp_line (start -0.505 -4.69) (end -0.762 -5.39) (layer F.SilkS) (width 0.0508))
    (fp_line (start -0.782 -5.39) (end -1.016 -4.69) (layer F.SilkS) (width 0.0508))
    (fp_line (start -0.274 -5.39) (end -0.508 -4.69) (layer F.SilkS) (width 0.0508))
    (fp_line (start 0.003 -4.69) (end -0.254 -5.39) (layer F.SilkS) (width 0.0508))
    (fp_line (start 0.234 -5.39) (end 0 -4.69) (layer F.SilkS) (width 0.0508))
    (fp_line (start 0.511 -4.69) (end 0.254 -5.39) (layer F.SilkS) (width 0.0508))
    (fp_line (start 0.742 -5.39) (end 0.508 -4.69) (layer F.SilkS) (width 0.0508))
    (fp_line (start 1.019 -4.69) (end 0.762 -5.39) (layer F.SilkS) (width 0.0508))
    (fp_line (start 0 -4.64) (end 0.25 -4.39) (layer F.SilkS) (width 0.0508))
    (fp_line (start 0 -4.64) (end -0.25 -4.39) (layer F.SilkS) (width 0.0508))
    (fp_line (start 0 -4.64) (end 0 -0.64) (layer F.SilkS) (width 0.0508))
    (fp_line (start 1.25 -5.39) (end 1.016 -4.69) (layer F.SilkS) (width 0.0508))
    (fp_line (start 1.4224 -5.0292) (end 1.27 -5.39) (layer F.SilkS) (width 0.0508))
    (fp_line (start 1.651 -5.0292) (end 1.4224 -5.0292) (layer F.SilkS) (width 0.0508))
    (fp_circle (center 5.4 -4.94) (end 5.3 -4.94) (layer F.Fab) (width 0.2))
    (fp_circle (center 5.4 -4.94) (end 5.3 -4.94) (layer F.SilkS) (width 0.2))
    (fp_line (start -5.015 -7.555) (end 5.015 -7.555) (layer F.CrtYd) (width 0.05))
    (fp_line (start -5.015 2.475) (end -5.015 -7.555) (layer F.CrtYd) (width 0.05))
    (fp_line (start 5.015 2.475) (end -5.015 2.475) (layer F.CrtYd) (width 0.05))
    (fp_line (start 5.015 -7.555) (end 5.015 2.475) (layer F.CrtYd) (width 0.05))
    (fp_line (start -4.765 2.225) (end 4.765 2.225) (layer F.SilkS) (width 0.127))
    (fp_line (start -4.765 -7.305) (end -4.765 2.225) (layer F.SilkS) (width 0.127))
    (fp_line (start 4.765 -7.305) (end -4.765 -7.305) (layer F.SilkS) (width 0.127))
    (fp_line (start 4.765 2.225) (end 4.765 -7.305) (layer F.SilkS) (width 0.127))
    (fp_line (start -4.765 -7.305) (end 4.765 -7.305) (layer F.Fab) (width 0.127))
    (fp_line (start -4.765 2.225) (end -4.765 -7.305) (layer F.Fab) (width 0.127))
    (fp_line (start 4.765 2.225) (end -4.765 2.225) (layer F.Fab) (width 0.127))
    (fp_line (start 4.765 -7.305) (end 4.765 2.225) (layer F.Fab) (width 0.127))
    (pad 3 thru_hole circle (at -2.54 -5.08 180) (size 1.268 1.268) (drill 0.76) (layers *.Cu *.Mask)
      (net 5 +5V))
    (pad 2 thru_hole circle (at 0 0 180) (size 1.268 1.268) (drill 0.76) (layers *.Cu *.Mask)
      (net 20 VIN))
    (pad 1 thru_hole rect (at 2.54 -5.08 180) (size 1.268 1.268) (drill 0.76) (layers *.Cu *.Mask)
      (net 1 GND))
    (model ${KICAD_USER_DIR}/3-3DModels/Bourns-3310y-001.stp
      (offset (xyz -0 2.8448 0.3302))
      (scale (xyz 1 1 1))
      (rotate (xyz 0 180 90))
    )
  )

  (module "Rays Footprints:USB Micro-B Power Only" (layer F.Cu) (tedit 60989C4C) (tstamp 5FE08C84)
    (at 147.955 47.5488)
    (path /68096CB4)
    (fp_text reference J1 (at -0.127 7.239 180) (layer F.SilkS)
      (effects (font (size 1.016 1.016) (thickness 0.1524)))
    )
    (fp_text value USB-Micro-B-Power-Only (at 0 5.715 180) (layer F.Fab)
      (effects (font (size 1 1) (thickness 0.15)))
    )
    (fp_line (start 0 -1.27) (end -0.381 -1.778) (layer F.SilkS) (width 0.127))
    (fp_line (start 0 -1.27) (end 0.381 -1.778) (layer F.SilkS) (width 0.127))
    (fp_line (start 0 -3.683) (end 0 -1.27) (layer F.SilkS) (width 0.127))
    (fp_line (start -3.683 -4.191) (end -3.683 -1.651) (layer F.SilkS) (width 0.127))
    (fp_line (start 3.683 -4.191) (end -3.683 -4.191) (layer F.SilkS) (width 0.127))
    (fp_line (start 3.683 -1.651) (end 3.683 -4.191) (layer F.SilkS) (width 0.127))
    (fp_line (start -3.683 4.064) (end -3.683 1.27) (layer F.SilkS) (width 0.127))
    (fp_line (start 3.683 4.064) (end 3.683 1.27) (layer F.SilkS) (width 0.127))
    (fp_line (start 2.159 4.064) (end 3.683 4.064) (layer F.SilkS) (width 0.127))
    (fp_line (start -0.381 4.064) (end 0.381 4.064) (layer F.SilkS) (width 0.127))
    (fp_line (start -3.683 4.064) (end -2.159 4.064) (layer F.SilkS) (width 0.127))
    (fp_line (start -4.064 -4.3815) (end -4.064 4.3815) (layer F.CrtYd) (width 0.15))
    (fp_line (start -4.064 4.3815) (end 4.064 4.3815) (layer F.CrtYd) (width 0.15))
    (fp_line (start 4.064 4.3815) (end 4.064 -4.3815) (layer F.CrtYd) (width 0.15))
    (fp_line (start -4.064 -4.3815) (end -5.08 -4.3815) (layer F.CrtYd) (width 0.15))
    (fp_line (start 5.08 -4.3815) (end 5.08 -13.1445) (layer F.CrtYd) (width 0.15))
    (fp_line (start 5.08 -13.1445) (end -5.08 -13.1445) (layer F.CrtYd) (width 0.15))
    (fp_line (start -5.08 -13.1445) (end -5.08 -4.3815) (layer F.CrtYd) (width 0.15))
    (fp_line (start 0 -11.43) (end 0 -5.715) (layer F.Fab) (width 0.15))
    (fp_line (start -0.635 -6.985) (end 0 -5.715) (layer F.Fab) (width 0.15))
    (fp_line (start 0 -5.715) (end 0.635 -6.985) (layer F.Fab) (width 0.15))
    (fp_line (start 5.08 -4.3815) (end 4.064 -4.3815) (layer F.CrtYd) (width 0.15))
    (fp_line (start -3.8608 -4.3815) (end 3.8608 -4.3815) (layer F.Fab) (width 0.15))
    (fp_line (start -5.3848 -4.3815) (end -6.096 -4.3815) (layer F.Fab) (width 0.12))
    (fp_text user "PCB Edge" (at -9.779 -4.572 180) (layer F.Fab)
      (effects (font (size 1 1) (thickness 0.15)))
    )
    (pad 3 thru_hole oval (at 1.27 4.1148) (size 1.27 1.27) (drill 0.5588) (layers *.Cu *.Mask)
      (net 2 "Net-(D11-Pad1)"))
    (pad 4 thru_hole oval (at -1.27 4.1148) (size 1.27 1.27) (drill 0.5588) (layers *.Cu *.Mask)
      (net 1 GND))
    (pad 2 thru_hole oval (at 3.683 -0.1778) (size 1.651 2.413) (drill oval 0.508 1.016) (layers *.Cu *.Mask)
      (net 1 GND))
    (pad 1 thru_hole oval (at -3.683 -0.1778) (size 1.651 2.413) (drill oval 0.508 1.016) (layers *.Cu *.Mask)
      (net 1 GND))
  )

  (module "Rays Footprints:Keystone-5005" (layer F.Cu) (tedit 60989B27) (tstamp 603F4F08)
    (at 89.916 47.752 90)
    (path /6040675A)
    (fp_text reference MTH5 (at 0 -2.794 90) (layer F.SilkS) hide
      (effects (font (size 1 1) (thickness 0.15)))
    )
    (fp_text value "Mount Hole" (at 0 2.794 90) (layer F.Fab)
      (effects (font (size 1 1) (thickness 0.15)))
    )
    (fp_circle (center 0 0) (end 1.905 0) (layer F.CrtYd) (width 0.12))
    (fp_line (start -1.27 -0.254) (end -1.27 0.254) (layer F.Fab) (width 0.12))
    (fp_line (start -1.27 0.254) (end 1.27 0.254) (layer F.Fab) (width 0.12))
    (fp_line (start 1.27 0.254) (end 1.27 -0.254) (layer F.Fab) (width 0.12))
    (fp_line (start 1.27 -0.254) (end -1.27 -0.254) (layer F.Fab) (width 0.12))
    (pad 1 thru_hole circle (at 0 0 90) (size 3.175 3.175) (drill 1.6002) (layers *.Cu *.Mask)
      (net 20 VIN))
    (model ${KICAD_USER_DIR}/3-3DModels/Keystone-5005.stp
      (offset (xyz -0.508 0.1778 2.2352))
      (scale (xyz 1 1 1))
      (rotate (xyz -90 0 0))
    )
  )

  (module "Rays Footprints:Keystone-5005" (layer F.Cu) (tedit 60989B27) (tstamp 603F4F11)
    (at 112.776 47.752 90)
    (path /6040510F)
    (fp_text reference MTH6 (at 0 -2.794 90) (layer F.SilkS) hide
      (effects (font (size 1 1) (thickness 0.15)))
    )
    (fp_text value "Mount Hole" (at 0 2.794 90) (layer F.Fab)
      (effects (font (size 1 1) (thickness 0.15)))
    )
    (fp_circle (center 0 0) (end 1.905 0) (layer F.CrtYd) (width 0.12))
    (fp_line (start -1.27 -0.254) (end -1.27 0.254) (layer F.Fab) (width 0.12))
    (fp_line (start -1.27 0.254) (end 1.27 0.254) (layer F.Fab) (width 0.12))
    (fp_line (start 1.27 0.254) (end 1.27 -0.254) (layer F.Fab) (width 0.12))
    (fp_line (start 1.27 -0.254) (end -1.27 -0.254) (layer F.Fab) (width 0.12))
    (pad 1 thru_hole circle (at 0 0 90) (size 3.175 3.175) (drill 1.6002) (layers *.Cu *.Mask)
      (net 1 GND))
    (model ${KICAD_USER_DIR}/3-3DModels/Keystone-5005.stp
      (offset (xyz -0.508 0.1778 2.2352))
      (scale (xyz 1 1 1))
      (rotate (xyz -90 0 0))
    )
  )

  (module "Rays Footprints:Keystone-5005" (layer F.Cu) (tedit 60989B27) (tstamp 6098AF7C)
    (at 105.156 47.752 90)
    (path /60405918)
    (fp_text reference MTH7 (at 0 -2.794 90) (layer F.SilkS) hide
      (effects (font (size 1 1) (thickness 0.15)))
    )
    (fp_text value "Mount Hole" (at 0 2.794 90) (layer F.Fab)
      (effects (font (size 1 1) (thickness 0.15)))
    )
    (fp_circle (center 0 0) (end 1.905 0) (layer F.CrtYd) (width 0.12))
    (fp_line (start -1.27 -0.254) (end -1.27 0.254) (layer F.Fab) (width 0.12))
    (fp_line (start -1.27 0.254) (end 1.27 0.254) (layer F.Fab) (width 0.12))
    (fp_line (start 1.27 0.254) (end 1.27 -0.254) (layer F.Fab) (width 0.12))
    (fp_line (start 1.27 -0.254) (end -1.27 -0.254) (layer F.Fab) (width 0.12))
    (pad 1 thru_hole circle (at 0 0 90) (size 3.175 3.175) (drill 1.6002) (layers *.Cu *.Mask)
      (net 5 +5V))
    (model ${KICAD_USER_DIR}/3-3DModels/Keystone-5005.stp
      (offset (xyz -0.508 0.1778 2.2352))
      (scale (xyz 1 1 1))
      (rotate (xyz -90 0 0))
    )
  )

  (module "Rays Footprints:Keystone-5005" (layer F.Cu) (tedit 60989B27) (tstamp 6098A5B7)
    (at 97.536 47.752 90)
    (path /617D4478)
    (fp_text reference MTH8 (at 0 -2.794 90) (layer F.SilkS) hide
      (effects (font (size 1 1) (thickness 0.15)))
    )
    (fp_text value "Mount Hole" (at 0 2.794 90) (layer F.Fab)
      (effects (font (size 1 1) (thickness 0.15)))
    )
    (fp_circle (center 0 0) (end 1.905 0) (layer F.CrtYd) (width 0.12))
    (fp_line (start -1.27 -0.254) (end -1.27 0.254) (layer F.Fab) (width 0.12))
    (fp_line (start -1.27 0.254) (end 1.27 0.254) (layer F.Fab) (width 0.12))
    (fp_line (start 1.27 0.254) (end 1.27 -0.254) (layer F.Fab) (width 0.12))
    (fp_line (start 1.27 -0.254) (end -1.27 -0.254) (layer F.Fab) (width 0.12))
    (pad 1 thru_hole circle (at 0 0 90) (size 3.175 3.175) (drill 1.6002) (layers *.Cu *.Mask)
      (net 8 VREF))
    (model ${KICAD_USER_DIR}/3-3DModels/Keystone-5005.stp
      (offset (xyz -0.508 0.1778 2.2352))
      (scale (xyz 1 1 1))
      (rotate (xyz -90 0 0))
    )
  )

  (module "Rays Footprints:LED_D3.0mm" (layer F.Cu) (tedit 5EF064F6) (tstamp 5FE03764)
    (at 130.429 57.912 180)
    (descr "LED, diameter 3.0mm, 2 pins")
    (tags "LED diameter 3.0mm 2 pins")
    (path /5FEF4BBB)
    (fp_text reference D12 (at 1.27 -3.048) (layer F.SilkS)
      (effects (font (size 1.27 1.27) (thickness 0.1778)))
    )
    (fp_text value LED (at 1.27 -2.413) (layer F.Fab)
      (effects (font (size 1 1) (thickness 0.15)))
    )
    (fp_line (start -1.143 -1.27) (end -1.143 1.27) (layer F.SilkS) (width 0.15))
    (fp_circle (center 1.27 0) (end 2.77 0) (layer F.Fab) (width 0.1))
    (fp_line (start -0.23 -1.16619) (end -0.23 1.16619) (layer F.Fab) (width 0.1))
    (fp_line (start -0.29 -1.236) (end -0.29 -1.08) (layer F.SilkS) (width 0.12))
    (fp_line (start -0.29 1.08) (end -0.29 1.236) (layer F.SilkS) (width 0.12))
    (fp_line (start -1.15 -2.25) (end -1.15 2.25) (layer F.CrtYd) (width 0.05))
    (fp_line (start -1.15 2.25) (end 3.7 2.25) (layer F.CrtYd) (width 0.05))
    (fp_line (start 3.7 2.25) (end 3.7 -2.25) (layer F.CrtYd) (width 0.05))
    (fp_line (start 3.7 -2.25) (end -1.15 -2.25) (layer F.CrtYd) (width 0.05))
    (fp_arc (start 1.27 0) (end 0.229039 1.08) (angle -87.9) (layer F.SilkS) (width 0.12))
    (fp_arc (start 1.27 0) (end 0.229039 -1.08) (angle 87.9) (layer F.SilkS) (width 0.12))
    (fp_arc (start 1.27 0) (end -0.29 1.235516) (angle -108.8) (layer F.SilkS) (width 0.12))
    (fp_arc (start 1.27 0) (end -0.29 -1.235516) (angle 108.8) (layer F.SilkS) (width 0.12))
    (fp_arc (start 1.27 0) (end -0.23 -1.16619) (angle 284.3) (layer F.Fab) (width 0.1))
    (pad 2 thru_hole circle (at 2.54 0 180) (size 1.8 1.8) (drill 0.9) (layers *.Cu *.Mask)
      (net 5 +5V))
    (pad 1 thru_hole rect (at 0 0 180) (size 1.8 1.8) (drill 0.9) (layers *.Cu *.Mask)
      (net 3 "Net-(D12-Pad1)"))
    (model ${KISYS3DMOD}/LED_THT.3dshapes/LED_D3.0mm_Clear.step
      (offset (xyz 0 0 -3.0226))
      (scale (xyz 1 1 1))
      (rotate (xyz 0 0 0))
    )
  )

  (module "Rays Footprints:Mount-Hole-#4" (layer F.Cu) (tedit 5EA4638D) (tstamp 5FE26154)
    (at 78.74 47.752)
    (path /5C7BEE0B)
    (fp_text reference MTH1 (at 0 0.5) (layer F.SilkS) hide
      (effects (font (size 1 1) (thickness 0.15)))
    )
    (fp_text value "Mount Hole" (at -2.159 -4.064) (layer F.Fab)
      (effects (font (size 1 1) (thickness 0.15)))
    )
    (fp_circle (center 0 0) (end 2.921 0) (layer F.CrtYd) (width 0.127))
    (pad 1 thru_hole circle (at 0 0) (size 5.715 5.715) (drill 2.9464) (layers *.Cu *.Mask)
      (zone_connect 2))
    (model C:/Users/ray/OneDrive/Projects/kicad/3-3DModels/Screw-4-40-0p125.stp
      (offset (xyz 0 0 -3.25))
      (scale (xyz 1 1 1))
      (rotate (xyz 0 0 0))
    )
  )

  (module "Rays Footprints:Mount-Hole-#4" (layer F.Cu) (tedit 5EA4638D) (tstamp 5FBF30B5)
    (at 167.64 48.26)
    (path /5C7C3ED3)
    (fp_text reference MTH2 (at 0 0.5) (layer F.SilkS) hide
      (effects (font (size 1 1) (thickness 0.15)))
    )
    (fp_text value "Mount Hole" (at -2.159 -4.064) (layer F.Fab)
      (effects (font (size 1 1) (thickness 0.15)))
    )
    (fp_circle (center 0 0) (end 2.921 0) (layer F.CrtYd) (width 0.127))
    (pad 1 thru_hole circle (at 0 0) (size 5.715 5.715) (drill 2.9464) (layers *.Cu *.Mask)
      (zone_connect 2))
    (model C:/Users/ray/OneDrive/Projects/kicad/3-3DModels/Screw-4-40-0p125.stp
      (offset (xyz 0 0 -3.25))
      (scale (xyz 1 1 1))
      (rotate (xyz 0 0 0))
    )
  )

  (module "Rays Footprints:Mount-Hole-#4" (layer F.Cu) (tedit 5EA4638D) (tstamp 5FC3F4DF)
    (at 167.64 132.08)
    (path /5C7C3F39)
    (fp_text reference MTH4 (at 0 0.5) (layer F.SilkS) hide
      (effects (font (size 1 1) (thickness 0.15)))
    )
    (fp_text value "Mount Hole" (at -2.159 -4.064) (layer F.Fab)
      (effects (font (size 1 1) (thickness 0.15)))
    )
    (fp_circle (center 0 0) (end 2.921 0) (layer F.CrtYd) (width 0.127))
    (pad 1 thru_hole circle (at 0 0) (size 5.715 5.715) (drill 2.9464) (layers *.Cu *.Mask)
      (zone_connect 2))
    (model C:/Users/ray/OneDrive/Projects/kicad/3-3DModels/Screw-4-40-0p125.stp
      (offset (xyz 0 0 -3.25))
      (scale (xyz 1 1 1))
      (rotate (xyz 0 0 0))
    )
  )

  (module "Rays Footprints:KM-SPDT-Slide" (layer F.Cu) (tedit 5EE80B47) (tstamp 5FBF3304)
    (at 132.334 47.752)
    (path /5F08AE04)
    (fp_text reference SW1 (at 0.254 3.556) (layer F.SilkS) hide
      (effects (font (size 1.524 1.524) (thickness 0.2032)))
    )
    (fp_text value SW_SPDT (at 0 4.572) (layer F.Fab)
      (effects (font (size 1 1) (thickness 0.15)))
    )
    (fp_line (start -4.572 2.54) (end -4.572 -2.54) (layer F.CrtYd) (width 0.15))
    (fp_line (start 4.572 2.54) (end -4.572 2.54) (layer F.CrtYd) (width 0.15))
    (fp_line (start 4.572 -2.54) (end 4.572 2.54) (layer F.CrtYd) (width 0.15))
    (fp_line (start -4.572 -2.54) (end 4.572 -2.54) (layer F.CrtYd) (width 0.15))
    (fp_line (start -4.318 2.286) (end -4.318 -2.286) (layer F.SilkS) (width 0.15))
    (fp_line (start 4.318 2.286) (end -4.318 2.286) (layer F.SilkS) (width 0.15))
    (fp_line (start 4.318 -2.286) (end 4.318 2.286) (layer F.SilkS) (width 0.15))
    (fp_line (start -4.318 -2.286) (end 4.318 -2.286) (layer F.SilkS) (width 0.15))
    (pad 1 thru_hole circle (at -2.032 0) (size 1.27 1.27) (drill 0.5842) (layers *.Cu *.Mask))
    (pad 2 thru_hole circle (at 0 0) (size 1.27 1.27) (drill 0.5842) (layers *.Cu *.Mask)
      (net 2 "Net-(D11-Pad1)"))
    (pad 3 thru_hole circle (at 2.032 0) (size 1.27 1.27) (drill 0.5842) (layers *.Cu *.Mask)
      (net 5 +5V))
    (pad 4 thru_hole circle (at -4.191 0) (size 2.032 2.032) (drill 1.27) (layers *.Cu *.Mask))
    (pad 4 thru_hole circle (at 4.191 0) (size 2.032 2.032) (drill 1.27) (layers *.Cu *.Mask))
    (model C:/Users/ray/OneDrive/Projects/kicad/3-3DModels/KM-SPDT-Slide.stp
      (offset (xyz 0 0 4.216400000000001))
      (scale (xyz 1 1 1))
      (rotate (xyz -90 0 0))
    )
  )

  (module "Rays Footprints:D_SMB_Handsoldering" (layer F.Cu) (tedit 5E3AEF5C) (tstamp 60990BB2)
    (at 158.75 56.134)
    (descr "Diode SMB (DO-214AA) Handsoldering")
    (tags "Diode SMB (DO-214AA) Handsoldering")
    (path /680999C4)
    (attr smd)
    (fp_text reference D11 (at -0.254 3.429) (layer F.SilkS)
      (effects (font (size 1.016 1.016) (thickness 0.1524)))
    )
    (fp_text value D (at 0 3) (layer F.Fab)
      (effects (font (size 1 1) (thickness 0.15)))
    )
    (fp_line (start -4.6 -2.15) (end 2.7 -2.15) (layer F.SilkS) (width 0.12))
    (fp_line (start -4.6 2.15) (end 2.7 2.15) (layer F.SilkS) (width 0.12))
    (fp_line (start -0.64944 0.00102) (end 0.50118 -0.79908) (layer F.Fab) (width 0.1))
    (fp_line (start -0.64944 0.00102) (end 0.50118 0.75032) (layer F.Fab) (width 0.1))
    (fp_line (start 0.50118 0.75032) (end 0.50118 -0.79908) (layer F.Fab) (width 0.1))
    (fp_line (start -0.64944 -0.79908) (end -0.64944 0.80112) (layer F.Fab) (width 0.1))
    (fp_line (start 0.50118 0.00102) (end 1.4994 0.00102) (layer F.Fab) (width 0.1))
    (fp_line (start -0.64944 0.00102) (end -1.55114 0.00102) (layer F.Fab) (width 0.1))
    (fp_line (start -4.7 2.25) (end -4.7 -2.25) (layer F.CrtYd) (width 0.05))
    (fp_line (start 4.7 2.25) (end -4.7 2.25) (layer F.CrtYd) (width 0.05))
    (fp_line (start 4.7 -2.25) (end 4.7 2.25) (layer F.CrtYd) (width 0.05))
    (fp_line (start -4.7 -2.25) (end 4.7 -2.25) (layer F.CrtYd) (width 0.05))
    (fp_line (start 2.3 -2) (end -2.3 -2) (layer F.Fab) (width 0.1))
    (fp_line (start 2.3 -2) (end 2.3 2) (layer F.Fab) (width 0.1))
    (fp_line (start -2.3 2) (end -2.3 -2) (layer F.Fab) (width 0.1))
    (fp_line (start 2.3 2) (end -2.3 2) (layer F.Fab) (width 0.1))
    (fp_line (start -4.6 -2.15) (end -4.6 2.15) (layer F.SilkS) (width 0.12))
    (fp_text user %R (at 0 -3) (layer F.Fab)
      (effects (font (size 1 1) (thickness 0.15)))
    )
    (pad 1 smd rect (at -2.3 0) (size 2.7 2.3) (layers F.Cu F.Paste F.Mask)
      (net 2 "Net-(D11-Pad1)"))
    (pad 2 smd rect (at 2.3 0) (size 2.7 2.3) (layers F.Cu F.Paste F.Mask)
      (net 1 GND))
    (model ${KISYS3DMOD}/Diode_SMD.3dshapes/D_SMB.wrl
      (at (xyz 0 0 0))
      (scale (xyz 1 1 1))
      (rotate (xyz 0 0 0))
    )
    (model ${KICAD_USER_DIR}/3-3DModels/D_SMB.step
      (at (xyz 0 0 0))
      (scale (xyz 1 1 1))
      (rotate (xyz 0 0 0))
    )
  )

  (module Pin_Headers:Pin_Header_Straight_1x02_Pitch2.54mm (layer F.Cu) (tedit 59650532) (tstamp 5FE1573E)
    (at 160.02 47.752 270)
    (descr "Through hole straight pin header, 1x02, 2.54mm pitch, single row")
    (tags "Through hole pin header THT 1x02 2.54mm single row")
    (path /5F079BA9)
    (fp_text reference TP1 (at 0 -2.33 90) (layer F.SilkS) hide
      (effects (font (size 1 1) (thickness 0.15)))
    )
    (fp_text value VCC (at 0 4.87 90) (layer F.Fab)
      (effects (font (size 1 1) (thickness 0.15)))
    )
    (fp_line (start -0.635 -1.27) (end 1.27 -1.27) (layer F.Fab) (width 0.1))
    (fp_line (start 1.27 -1.27) (end 1.27 3.81) (layer F.Fab) (width 0.1))
    (fp_line (start 1.27 3.81) (end -1.27 3.81) (layer F.Fab) (width 0.1))
    (fp_line (start -1.27 3.81) (end -1.27 -0.635) (layer F.Fab) (width 0.1))
    (fp_line (start -1.27 -0.635) (end -0.635 -1.27) (layer F.Fab) (width 0.1))
    (fp_line (start -1.33 3.87) (end 1.33 3.87) (layer F.SilkS) (width 0.12))
    (fp_line (start -1.33 1.27) (end -1.33 3.87) (layer F.SilkS) (width 0.12))
    (fp_line (start 1.33 1.27) (end 1.33 3.87) (layer F.SilkS) (width 0.12))
    (fp_line (start -1.33 1.27) (end 1.33 1.27) (layer F.SilkS) (width 0.12))
    (fp_line (start -1.33 0) (end -1.33 -1.33) (layer F.SilkS) (width 0.12))
    (fp_line (start -1.33 -1.33) (end 0 -1.33) (layer F.SilkS) (width 0.12))
    (fp_line (start -1.8 -1.8) (end -1.8 4.35) (layer F.CrtYd) (width 0.05))
    (fp_line (start -1.8 4.35) (end 1.8 4.35) (layer F.CrtYd) (width 0.05))
    (fp_line (start 1.8 4.35) (end 1.8 -1.8) (layer F.CrtYd) (width 0.05))
    (fp_line (start 1.8 -1.8) (end -1.8 -1.8) (layer F.CrtYd) (width 0.05))
    (fp_text user %R (at 0 1.27) (layer F.Fab)
      (effects (font (size 1 1) (thickness 0.15)))
    )
    (pad 2 thru_hole oval (at 0 2.54 270) (size 1.7 1.7) (drill 1) (layers *.Cu *.Mask)
      (net 2 "Net-(D11-Pad1)"))
    (pad 1 thru_hole rect (at 0 0 270) (size 1.7 1.7) (drill 1) (layers *.Cu *.Mask)
      (net 1 GND))
    (model ${KISYS3DMOD}/Pin_Headers.3dshapes/Pin_Header_Straight_1x02_Pitch2.54mm.wrl
      (at (xyz 0 0 0))
      (scale (xyz 1 1 1))
      (rotate (xyz 0 0 0))
    )
  )

  (module "Rays Footprints:Mount-Hole-#4" (layer F.Cu) (tedit 5EA4638D) (tstamp 6043680B)
    (at 78.74 132.08)
    (path /5C7C3E6F)
    (fp_text reference MTH3 (at 0 0.5) (layer F.SilkS) hide
      (effects (font (size 1 1) (thickness 0.15)))
    )
    (fp_text value "Mount Hole" (at -2.159 -4.064) (layer F.Fab)
      (effects (font (size 1 1) (thickness 0.15)))
    )
    (fp_circle (center 0 0) (end 2.921 0) (layer F.CrtYd) (width 0.127))
    (pad 1 thru_hole circle (at 0 0) (size 5.715 5.715) (drill 2.9464) (layers *.Cu *.Mask)
      (zone_connect 2))
    (model C:/Users/ray/OneDrive/Projects/kicad/3-3DModels/Screw-4-40-0p125.stp
      (offset (xyz 0 0 -3.25))
      (scale (xyz 1 1 1))
      (rotate (xyz 0 0 0))
    )
  )

  (module "Rays Footprints:LED_D3.0mm" (layer F.Cu) (tedit 5EF064F6) (tstamp 6098EED3)
    (at 135.636 73.152 180)
    (descr "LED, diameter 3.0mm, 2 pins")
    (tags "LED diameter 3.0mm 2 pins")
    (path /61116A98)
    (fp_text reference D1 (at 1.27 -3.175) (layer F.SilkS)
      (effects (font (size 1.016 1.016) (thickness 0.1524)))
    )
    (fp_text value LED (at 1.27 -2.413) (layer F.Fab)
      (effects (font (size 1 1) (thickness 0.15)))
    )
    (fp_line (start 3.7 -2.25) (end -1.15 -2.25) (layer F.CrtYd) (width 0.05))
    (fp_line (start 3.7 2.25) (end 3.7 -2.25) (layer F.CrtYd) (width 0.05))
    (fp_line (start -1.15 2.25) (end 3.7 2.25) (layer F.CrtYd) (width 0.05))
    (fp_line (start -1.15 -2.25) (end -1.15 2.25) (layer F.CrtYd) (width 0.05))
    (fp_line (start -0.29 1.08) (end -0.29 1.236) (layer F.SilkS) (width 0.12))
    (fp_line (start -0.29 -1.236) (end -0.29 -1.08) (layer F.SilkS) (width 0.12))
    (fp_line (start -0.23 -1.16619) (end -0.23 1.16619) (layer F.Fab) (width 0.1))
    (fp_circle (center 1.27 0) (end 2.77 0) (layer F.Fab) (width 0.1))
    (fp_line (start -1.143 -1.27) (end -1.143 1.27) (layer F.SilkS) (width 0.15))
    (fp_arc (start 1.27 0) (end 0.229039 1.08) (angle -87.9) (layer F.SilkS) (width 0.12))
    (fp_arc (start 1.27 0) (end 0.229039 -1.08) (angle 87.9) (layer F.SilkS) (width 0.12))
    (fp_arc (start 1.27 0) (end -0.29 1.235516) (angle -108.8) (layer F.SilkS) (width 0.12))
    (fp_arc (start 1.27 0) (end -0.29 -1.235516) (angle 108.8) (layer F.SilkS) (width 0.12))
    (fp_arc (start 1.27 0) (end -0.23 -1.16619) (angle 284.3) (layer F.Fab) (width 0.1))
    (pad 2 thru_hole circle (at 2.54 0 180) (size 1.8 1.8) (drill 0.9) (layers *.Cu *.Mask)
      (net 24 "Net-(D1-Pad2)"))
    (pad 1 thru_hole rect (at 0 0 180) (size 1.8 1.8) (drill 0.9) (layers *.Cu *.Mask)
      (net 1 GND))
    (model ${KISYS3DMOD}/LED_THT.3dshapes/LED_D3.0mm_Clear.step
      (offset (xyz 0 0 -3.0226))
      (scale (xyz 1 1 1))
      (rotate (xyz 0 0 0))
    )
  )

  (module "Rays Footprints:LED_D3.0mm" (layer F.Cu) (tedit 5EF064F6) (tstamp 6098A4EF)
    (at 135.636 80.772 180)
    (descr "LED, diameter 3.0mm, 2 pins")
    (tags "LED diameter 3.0mm 2 pins")
    (path /610C5A5F)
    (fp_text reference D2 (at 1.27 -3.175) (layer F.SilkS)
      (effects (font (size 1.016 1.016) (thickness 0.1524)))
    )
    (fp_text value LED (at 1.27 -2.413) (layer F.Fab)
      (effects (font (size 1 1) (thickness 0.15)))
    )
    (fp_line (start -1.143 -1.27) (end -1.143 1.27) (layer F.SilkS) (width 0.15))
    (fp_circle (center 1.27 0) (end 2.77 0) (layer F.Fab) (width 0.1))
    (fp_line (start -0.23 -1.16619) (end -0.23 1.16619) (layer F.Fab) (width 0.1))
    (fp_line (start -0.29 -1.236) (end -0.29 -1.08) (layer F.SilkS) (width 0.12))
    (fp_line (start -0.29 1.08) (end -0.29 1.236) (layer F.SilkS) (width 0.12))
    (fp_line (start -1.15 -2.25) (end -1.15 2.25) (layer F.CrtYd) (width 0.05))
    (fp_line (start -1.15 2.25) (end 3.7 2.25) (layer F.CrtYd) (width 0.05))
    (fp_line (start 3.7 2.25) (end 3.7 -2.25) (layer F.CrtYd) (width 0.05))
    (fp_line (start 3.7 -2.25) (end -1.15 -2.25) (layer F.CrtYd) (width 0.05))
    (fp_arc (start 1.27 0) (end -0.23 -1.16619) (angle 284.3) (layer F.Fab) (width 0.1))
    (fp_arc (start 1.27 0) (end -0.29 -1.235516) (angle 108.8) (layer F.SilkS) (width 0.12))
    (fp_arc (start 1.27 0) (end -0.29 1.235516) (angle -108.8) (layer F.SilkS) (width 0.12))
    (fp_arc (start 1.27 0) (end 0.229039 -1.08) (angle 87.9) (layer F.SilkS) (width 0.12))
    (fp_arc (start 1.27 0) (end 0.229039 1.08) (angle -87.9) (layer F.SilkS) (width 0.12))
    (pad 1 thru_hole rect (at 0 0 180) (size 1.8 1.8) (drill 0.9) (layers *.Cu *.Mask)
      (net 1 GND))
    (pad 2 thru_hole circle (at 2.54 0 180) (size 1.8 1.8) (drill 0.9) (layers *.Cu *.Mask)
      (net 25 "Net-(D2-Pad2)"))
    (model ${KISYS3DMOD}/LED_THT.3dshapes/LED_D3.0mm_Clear.step
      (offset (xyz 0 0 -3.0226))
      (scale (xyz 1 1 1))
      (rotate (xyz 0 0 0))
    )
  )

  (module "Rays Footprints:LED_D3.0mm" (layer F.Cu) (tedit 5EF064F6) (tstamp 6098A503)
    (at 135.636 88.392 180)
    (descr "LED, diameter 3.0mm, 2 pins")
    (tags "LED diameter 3.0mm 2 pins")
    (path /60FF19BF)
    (fp_text reference D3 (at 1.27 -3.175) (layer F.SilkS)
      (effects (font (size 1.016 1.016) (thickness 0.1524)))
    )
    (fp_text value LED (at 1.27 -2.413) (layer F.Fab)
      (effects (font (size 1 1) (thickness 0.15)))
    )
    (fp_line (start -1.143 -1.27) (end -1.143 1.27) (layer F.SilkS) (width 0.15))
    (fp_circle (center 1.27 0) (end 2.77 0) (layer F.Fab) (width 0.1))
    (fp_line (start -0.23 -1.16619) (end -0.23 1.16619) (layer F.Fab) (width 0.1))
    (fp_line (start -0.29 -1.236) (end -0.29 -1.08) (layer F.SilkS) (width 0.12))
    (fp_line (start -0.29 1.08) (end -0.29 1.236) (layer F.SilkS) (width 0.12))
    (fp_line (start -1.15 -2.25) (end -1.15 2.25) (layer F.CrtYd) (width 0.05))
    (fp_line (start -1.15 2.25) (end 3.7 2.25) (layer F.CrtYd) (width 0.05))
    (fp_line (start 3.7 2.25) (end 3.7 -2.25) (layer F.CrtYd) (width 0.05))
    (fp_line (start 3.7 -2.25) (end -1.15 -2.25) (layer F.CrtYd) (width 0.05))
    (fp_arc (start 1.27 0) (end -0.23 -1.16619) (angle 284.3) (layer F.Fab) (width 0.1))
    (fp_arc (start 1.27 0) (end -0.29 -1.235516) (angle 108.8) (layer F.SilkS) (width 0.12))
    (fp_arc (start 1.27 0) (end -0.29 1.235516) (angle -108.8) (layer F.SilkS) (width 0.12))
    (fp_arc (start 1.27 0) (end 0.229039 -1.08) (angle 87.9) (layer F.SilkS) (width 0.12))
    (fp_arc (start 1.27 0) (end 0.229039 1.08) (angle -87.9) (layer F.SilkS) (width 0.12))
    (pad 1 thru_hole rect (at 0 0 180) (size 1.8 1.8) (drill 0.9) (layers *.Cu *.Mask)
      (net 1 GND))
    (pad 2 thru_hole circle (at 2.54 0 180) (size 1.8 1.8) (drill 0.9) (layers *.Cu *.Mask)
      (net 26 "Net-(D3-Pad2)"))
    (model ${KISYS3DMOD}/LED_THT.3dshapes/LED_D3.0mm_Clear.step
      (offset (xyz 0 0 -3.0226))
      (scale (xyz 1 1 1))
      (rotate (xyz 0 0 0))
    )
  )

  (module "Rays Footprints:LED_D3.0mm" (layer F.Cu) (tedit 5EF064F6) (tstamp 6098A517)
    (at 135.636 96.012 180)
    (descr "LED, diameter 3.0mm, 2 pins")
    (tags "LED diameter 3.0mm 2 pins")
    (path /60ECAEC2)
    (fp_text reference D4 (at 1.27 -3.175) (layer F.SilkS)
      (effects (font (size 1.016 1.016) (thickness 0.1524)))
    )
    (fp_text value LED (at 1.27 -2.413) (layer F.Fab)
      (effects (font (size 1 1) (thickness 0.15)))
    )
    (fp_line (start 3.7 -2.25) (end -1.15 -2.25) (layer F.CrtYd) (width 0.05))
    (fp_line (start 3.7 2.25) (end 3.7 -2.25) (layer F.CrtYd) (width 0.05))
    (fp_line (start -1.15 2.25) (end 3.7 2.25) (layer F.CrtYd) (width 0.05))
    (fp_line (start -1.15 -2.25) (end -1.15 2.25) (layer F.CrtYd) (width 0.05))
    (fp_line (start -0.29 1.08) (end -0.29 1.236) (layer F.SilkS) (width 0.12))
    (fp_line (start -0.29 -1.236) (end -0.29 -1.08) (layer F.SilkS) (width 0.12))
    (fp_line (start -0.23 -1.16619) (end -0.23 1.16619) (layer F.Fab) (width 0.1))
    (fp_circle (center 1.27 0) (end 2.77 0) (layer F.Fab) (width 0.1))
    (fp_line (start -1.143 -1.27) (end -1.143 1.27) (layer F.SilkS) (width 0.15))
    (fp_arc (start 1.27 0) (end 0.229039 1.08) (angle -87.9) (layer F.SilkS) (width 0.12))
    (fp_arc (start 1.27 0) (end 0.229039 -1.08) (angle 87.9) (layer F.SilkS) (width 0.12))
    (fp_arc (start 1.27 0) (end -0.29 1.235516) (angle -108.8) (layer F.SilkS) (width 0.12))
    (fp_arc (start 1.27 0) (end -0.29 -1.235516) (angle 108.8) (layer F.SilkS) (width 0.12))
    (fp_arc (start 1.27 0) (end -0.23 -1.16619) (angle 284.3) (layer F.Fab) (width 0.1))
    (pad 2 thru_hole circle (at 2.54 0 180) (size 1.8 1.8) (drill 0.9) (layers *.Cu *.Mask)
      (net 27 "Net-(D4-Pad2)"))
    (pad 1 thru_hole rect (at 0 0 180) (size 1.8 1.8) (drill 0.9) (layers *.Cu *.Mask)
      (net 1 GND))
    (model ${KISYS3DMOD}/LED_THT.3dshapes/LED_D3.0mm_Clear.step
      (offset (xyz 0 0 -3.0226))
      (scale (xyz 1 1 1))
      (rotate (xyz 0 0 0))
    )
  )

  (module "Rays Footprints:LED_D3.0mm" (layer F.Cu) (tedit 5EF064F6) (tstamp 60991E01)
    (at 157.861 122.047 90)
    (descr "LED, diameter 3.0mm, 2 pins")
    (tags "LED diameter 3.0mm 2 pins")
    (path /61A2DBFC)
    (fp_text reference D8 (at 4.572 0 180) (layer F.SilkS)
      (effects (font (size 1.016 1.016) (thickness 0.1524)))
    )
    (fp_text value LED (at 1.27 -2.413 90) (layer F.Fab)
      (effects (font (size 1 1) (thickness 0.15)))
    )
    (fp_line (start 3.7 -2.25) (end -1.15 -2.25) (layer F.CrtYd) (width 0.05))
    (fp_line (start 3.7 2.25) (end 3.7 -2.25) (layer F.CrtYd) (width 0.05))
    (fp_line (start -1.15 2.25) (end 3.7 2.25) (layer F.CrtYd) (width 0.05))
    (fp_line (start -1.15 -2.25) (end -1.15 2.25) (layer F.CrtYd) (width 0.05))
    (fp_line (start -0.29 1.08) (end -0.29 1.236) (layer F.SilkS) (width 0.12))
    (fp_line (start -0.29 -1.236) (end -0.29 -1.08) (layer F.SilkS) (width 0.12))
    (fp_line (start -0.23 -1.16619) (end -0.23 1.16619) (layer F.Fab) (width 0.1))
    (fp_circle (center 1.27 0) (end 2.77 0) (layer F.Fab) (width 0.1))
    (fp_line (start -1.143 -1.27) (end -1.143 1.27) (layer F.SilkS) (width 0.15))
    (fp_arc (start 1.27 0) (end 0.229039 1.08) (angle -87.9) (layer F.SilkS) (width 0.12))
    (fp_arc (start 1.27 0) (end 0.229039 -1.08) (angle 87.9) (layer F.SilkS) (width 0.12))
    (fp_arc (start 1.27 0) (end -0.29 1.235516) (angle -108.8) (layer F.SilkS) (width 0.12))
    (fp_arc (start 1.27 0) (end -0.29 -1.235516) (angle 108.8) (layer F.SilkS) (width 0.12))
    (fp_arc (start 1.27 0) (end -0.23 -1.16619) (angle 284.3) (layer F.Fab) (width 0.1))
    (pad 2 thru_hole circle (at 2.54 0 90) (size 1.8 1.8) (drill 0.9) (layers *.Cu *.Mask)
      (net 31 "Net-(D8-Pad2)"))
    (pad 1 thru_hole rect (at 0 0 90) (size 1.8 1.8) (drill 0.9) (layers *.Cu *.Mask)
      (net 1 GND))
    (model ${KISYS3DMOD}/LED_THT.3dshapes/LED_D3.0mm_Clear.step
      (offset (xyz 0 0 -3.0226))
      (scale (xyz 1 1 1))
      (rotate (xyz 0 0 0))
    )
  )

  (module "Rays Footprints:LED_D3.0mm" (layer F.Cu) (tedit 5EF064F6) (tstamp 6098A55D)
    (at 162.941 122.047 90)
    (descr "LED, diameter 3.0mm, 2 pins")
    (tags "LED diameter 3.0mm 2 pins")
    (path /61A4FE62)
    (fp_text reference D9 (at 4.572 0 180) (layer F.SilkS)
      (effects (font (size 1.016 1.016) (thickness 0.1524)))
    )
    (fp_text value LED (at 1.27 -2.413 90) (layer F.Fab)
      (effects (font (size 1 1) (thickness 0.15)))
    )
    (fp_line (start -1.143 -1.27) (end -1.143 1.27) (layer F.SilkS) (width 0.15))
    (fp_circle (center 1.27 0) (end 2.77 0) (layer F.Fab) (width 0.1))
    (fp_line (start -0.23 -1.16619) (end -0.23 1.16619) (layer F.Fab) (width 0.1))
    (fp_line (start -0.29 -1.236) (end -0.29 -1.08) (layer F.SilkS) (width 0.12))
    (fp_line (start -0.29 1.08) (end -0.29 1.236) (layer F.SilkS) (width 0.12))
    (fp_line (start -1.15 -2.25) (end -1.15 2.25) (layer F.CrtYd) (width 0.05))
    (fp_line (start -1.15 2.25) (end 3.7 2.25) (layer F.CrtYd) (width 0.05))
    (fp_line (start 3.7 2.25) (end 3.7 -2.25) (layer F.CrtYd) (width 0.05))
    (fp_line (start 3.7 -2.25) (end -1.15 -2.25) (layer F.CrtYd) (width 0.05))
    (fp_arc (start 1.27 0) (end -0.23 -1.16619) (angle 284.3) (layer F.Fab) (width 0.1))
    (fp_arc (start 1.27 0) (end -0.29 -1.235516) (angle 108.8) (layer F.SilkS) (width 0.12))
    (fp_arc (start 1.27 0) (end -0.29 1.235516) (angle -108.8) (layer F.SilkS) (width 0.12))
    (fp_arc (start 1.27 0) (end 0.229039 -1.08) (angle 87.9) (layer F.SilkS) (width 0.12))
    (fp_arc (start 1.27 0) (end 0.229039 1.08) (angle -87.9) (layer F.SilkS) (width 0.12))
    (pad 1 thru_hole rect (at 0 0 90) (size 1.8 1.8) (drill 0.9) (layers *.Cu *.Mask)
      (net 1 GND))
    (pad 2 thru_hole circle (at 2.54 0 90) (size 1.8 1.8) (drill 0.9) (layers *.Cu *.Mask)
      (net 32 "Net-(D9-Pad2)"))
    (model ${KISYS3DMOD}/LED_THT.3dshapes/LED_D3.0mm_Clear.step
      (offset (xyz 0 0 -3.0226))
      (scale (xyz 1 1 1))
      (rotate (xyz 0 0 0))
    )
  )

  (module "Rays Footprints:LED_D3.0mm" (layer F.Cu) (tedit 5EF064F6) (tstamp 6098A571)
    (at 168.021 122.047 90)
    (descr "LED, diameter 3.0mm, 2 pins")
    (tags "LED diameter 3.0mm 2 pins")
    (path /61A72EA1)
    (fp_text reference D10 (at 4.572 0 180) (layer F.SilkS)
      (effects (font (size 1.016 1.016) (thickness 0.1524)))
    )
    (fp_text value LED (at 1.27 -2.413 90) (layer F.Fab)
      (effects (font (size 1 1) (thickness 0.15)))
    )
    (fp_line (start 3.7 -2.25) (end -1.15 -2.25) (layer F.CrtYd) (width 0.05))
    (fp_line (start 3.7 2.25) (end 3.7 -2.25) (layer F.CrtYd) (width 0.05))
    (fp_line (start -1.15 2.25) (end 3.7 2.25) (layer F.CrtYd) (width 0.05))
    (fp_line (start -1.15 -2.25) (end -1.15 2.25) (layer F.CrtYd) (width 0.05))
    (fp_line (start -0.29 1.08) (end -0.29 1.236) (layer F.SilkS) (width 0.12))
    (fp_line (start -0.29 -1.236) (end -0.29 -1.08) (layer F.SilkS) (width 0.12))
