(kicad_pcb (version 20171130) (host pcbnew "(5.0.1)-4")

  (general
    (thickness 1.6)
    (drawings 18)
    (tracks 212)
    (zones 0)
    (modules 42)
    (nets 23)
  )

  (page A4)
  (layers
    (0 F.Cu signal hide)
    (31 B.Cu signal hide)
    (32 B.Adhes user hide)
    (33 F.Adhes user hide)
    (34 B.Paste user hide)
    (35 F.Paste user hide)
    (36 B.SilkS user hide)
    (37 F.SilkS user)
    (38 B.Mask user hide)
    (39 F.Mask user)
    (40 Dwgs.User user hide)
    (41 Cmts.User user hide)
    (42 Eco1.User user hide)
    (43 Eco2.User user hide)
    (44 Edge.Cuts user)
    (45 Margin user hide)
    (46 B.CrtYd user hide)
    (47 F.CrtYd user hide)
    (48 B.Fab user hide)
    (49 F.Fab user hide)
  )

  (setup
    (last_trace_width 0.762)
    (trace_clearance 0.508)
    (zone_clearance 0.254)
    (zone_45_only no)
    (trace_min 0.254)
    (segment_width 0.2)
    (edge_width 0.2)
    (via_size 1.524)
    (via_drill 0.8001)
    (via_min_size 1.524)
    (via_min_drill 0.7874)
    (uvia_size 1.524)
    (uvia_drill 0.7874)
    (uvias_allowed no)
    (uvia_min_size 0.254)
    (uvia_min_drill 0.1)
    (pcb_text_width 0.3)
    (pcb_text_size 1.5 1.5)
    (mod_edge_width 0.15)
    (mod_text_size 1 1)
    (mod_text_width 0.15)
    (pad_size 2.54 2.5)
    (pad_drill 0)
    (pad_to_mask_clearance 0.2032)
    (solder_mask_min_width 0.254)
    (aux_axis_origin 0 0)
    (visible_elements 7FFFFFFF)
    (pcbplotparams
      (layerselection 0x010e0_ffffffff)
      (usegerberextensions false)
      (usegerberattributes false)
      (usegerberadvancedattributes false)
      (creategerberjobfile false)
      (excludeedgelayer true)
      (linewidth 0.100000)
      (plotframeref false)
      (viasonmask false)
      (mode 1)
      (useauxorigin false)
      (hpglpennumber 1)
      (hpglpenspeed 20)
      (hpglpendiameter 15.000000)
      (psnegative false)
      (psa4output false)
      (plotreference true)
      (plotvalue true)
      (plotinvisibletext false)
      (padsonsilk false)
      (subtractmaskfromsilk false)
      (outputformat 1)
      (mirror false)
      (drillshape 0)
      (scaleselection 1)
      (outputdirectory "PCB-Order/"))
  )

  (net 0 "")
  (net 1 GND)
  (net 2 "Net-(D1-Pad2)")
  (net 3 "Net-(D2-Pad2)")
  (net 4 "Net-(D3-Pad2)")
  (net 5 "Net-(D4-Pad2)")
  (net 6 "Net-(D5-Pad2)")
  (net 7 "Net-(D6-Pad2)")
  (net 8 VCC)
  (net 9 "Net-(C2-Pad2)")
  (net 10 "Net-(D1-Pad1)")
  (net 11 "Net-(D7-Pad2)")
  (net 12 "Net-(D8-Pad2)")
  (net 13 "Net-(D9-Pad2)")
  (net 14 "Net-(D10-Pad2)")
  (net 15 "Net-(D11-Pad2)")
  (net 16 "Net-(Q1-Pad2)")
  (net 17 "Net-(Q2-Pad2)")
  (net 18 "Net-(BT1-Pad1)")
  (net 19 "Net-(C1-Pad2)")
  (net 20 "Net-(C1-Pad1)")
  (net 21 "Net-(C2-Pad1)")
  (net 22 "Net-(D10-Pad1)")

  (net_class Default "This is the default net class."
    (clearance 0.508)
    (trace_width 0.762)
    (via_dia 1.524)
    (via_drill 0.8001)
    (uvia_dia 1.524)
    (uvia_drill 0.7874)
    (diff_pair_gap 2.54)
    (diff_pair_width 2.54)
    (add_net GND)
    (add_net "Net-(BT1-Pad1)")
    (add_net "Net-(C1-Pad1)")
    (add_net "Net-(C1-Pad2)")
    (add_net "Net-(C2-Pad1)")
    (add_net "Net-(C2-Pad2)")
    (add_net "Net-(D1-Pad1)")
    (add_net "Net-(D1-Pad2)")
    (add_net "Net-(D10-Pad1)")
    (add_net "Net-(D10-Pad2)")
    (add_net "Net-(D11-Pad2)")
    (add_net "Net-(D2-Pad2)")
    (add_net "Net-(D3-Pad2)")
    (add_net "Net-(D4-Pad2)")
    (add_net "Net-(D5-Pad2)")
    (add_net "Net-(D6-Pad2)")
    (add_net "Net-(D7-Pad2)")
    (add_net "Net-(D8-Pad2)")
    (add_net "Net-(D9-Pad2)")
    (add_net "Net-(Q1-Pad2)")
    (add_net "Net-(Q2-Pad2)")
    (add_net VCC)
  )

  (net_class SMT ""
    (clearance 0.508)
    (trace_width 0.508)
    (via_dia 1.524)
    (via_drill 0.8001)
    (uvia_dia 1.524)
    (uvia_drill 0.7874)
    (diff_pair_gap 2.54)
    (diff_pair_width 2.54)
  )

  (module Pin_Headers:Pin_Header_Angled_1x02_Pitch2.54mm (layer F.Cu) (tedit 5C737510) (tstamp 5C708EDD)
    (at 170.18 98.552)
    (descr "Through hole angled pin header, 1x02, 2.54mm pitch, 6mm pin length, single row")
    (tags "Through hole angled pin header THT 1x02 2.54mm single row")
    (path /5C7A3D24)
    (fp_text reference J1 (at -3.3528 -0.8636) (layer F.SilkS)
      (effects (font (size 1.524 1.524) (thickness 0.2032)))
    )
    (fp_text value Conn_01x02 (at 4.385 4.81) (layer F.Fab)
      (effects (font (size 1 1) (thickness 0.15)))
    )
    (fp_text user %R (at 2.77 1.27 90) (layer F.Fab)
      (effects (font (size 1 1) (thickness 0.15)))
    )
    (fp_line (start 10.55 -1.8) (end -1.8 -1.8) (layer F.CrtYd) (width 0.05))
    (fp_line (start 10.55 4.35) (end 10.55 -1.8) (layer F.CrtYd) (width 0.05))
    (fp_line (start -1.8 4.35) (end 10.55 4.35) (layer F.CrtYd) (width 0.05))
    (fp_line (start -1.8 -1.8) (end -1.8 4.35) (layer F.CrtYd) (width 0.05))
    (fp_line (start -1.27 -1.27) (end 0 -1.27) (layer F.SilkS) (width 0.12))
    (fp_line (start -1.27 0) (end -1.27 -1.27) (layer F.SilkS) (width 0.12))
    (fp_line (start 1.042929 2.92) (end 1.44 2.92) (layer F.SilkS) (width 0.12))
    (fp_line (start 1.042929 2.16) (end 1.44 2.16) (layer F.SilkS) (width 0.12))
    (fp_line (start 10.1 2.92) (end 4.1 2.92) (layer F.SilkS) (width 0.12))
    (fp_line (start 10.1 2.16) (end 10.1 2.92) (layer F.SilkS) (width 0.12))
    (fp_line (start 4.1 2.16) (end 10.1 2.16) (layer F.SilkS) (width 0.12))
    (fp_line (start 1.44 1.27) (end 4.1 1.27) (layer F.SilkS) (width 0.12))
    (fp_line (start 1.11 0.38) (end 1.44 0.38) (layer F.SilkS) (width 0.12))
    (fp_line (start 1.11 -0.38) (end 1.44 -0.38) (layer F.SilkS) (width 0.12))
    (fp_line (start 4.1 0.28) (end 10.1 0.28) (layer F.SilkS) (width 0.12))
    (fp_line (start 4.1 0.16) (end 10.1 0.16) (layer F.SilkS) (width 0.12))
    (fp_line (start 4.1 0.04) (end 10.1 0.04) (layer F.SilkS) (width 0.12))
    (fp_line (start 4.1 -0.08) (end 10.1 -0.08) (layer F.SilkS) (width 0.12))
    (fp_line (start 4.1 -0.2) (end 10.1 -0.2) (layer F.SilkS) (width 0.12))
    (fp_line (start 4.1 -0.32) (end 10.1 -0.32) (layer F.SilkS) (width 0.12))
    (fp_line (start 10.1 0.38) (end 4.1 0.38) (layer F.SilkS) (width 0.12))
    (fp_line (start 10.1 -0.38) (end 10.1 0.38) (layer F.SilkS) (width 0.12))
    (fp_line (start 4.1 -0.38) (end 10.1 -0.38) (layer F.SilkS) (width 0.12))
    (fp_line (start 4.1 -1.33) (end 1.44 -1.33) (layer F.SilkS) (width 0.12))
    (fp_line (start 4.1 3.87) (end 4.1 -1.33) (layer F.SilkS) (width 0.12))
    (fp_line (start 1.44 3.87) (end 4.1 3.87) (layer F.SilkS) (width 0.12))
    (fp_line (start 1.44 -1.33) (end 1.44 3.87) (layer F.SilkS) (width 0.12))
    (fp_line (start 4.04 2.86) (end 10.04 2.86) (layer F.Fab) (width 0.1))
    (fp_line (start 10.04 2.22) (end 10.04 2.86) (layer F.Fab) (width 0.1))
    (fp_line (start 4.04 2.22) (end 10.04 2.22) (layer F.Fab) (width 0.1))
    (fp_line (start -0.32 2.86) (end 1.5 2.86) (layer F.Fab) (width 0.1))
    (fp_line (start -0.32 2.22) (end -0.32 2.86) (layer F.Fab) (width 0.1))
    (fp_line (start -0.32 2.22) (end 1.5 2.22) (layer F.Fab) (width 0.1))
    (fp_line (start 4.04 0.32) (end 10.04 0.32) (layer F.Fab) (width 0.1))
    (fp_line (start 10.04 -0.32) (end 10.04 0.32) (layer F.Fab) (width 0.1))
    (fp_line (start 4.04 -0.32) (end 10.04 -0.32) (layer F.Fab) (width 0.1))
    (fp_line (start -0.32 0.32) (end 1.5 0.32) (layer F.Fab) (width 0.1))
    (fp_line (start -0.32 -0.32) (end -0.32 0.32) (layer F.Fab) (width 0.1))
    (fp_line (start -0.32 -0.32) (end 1.5 -0.32) (layer F.Fab) (width 0.1))
    (fp_line (start 1.5 -0.635) (end 2.135 -1.27) (layer F.Fab) (width 0.1))
    (fp_line (start 1.5 3.81) (end 1.5 -0.635) (layer F.Fab) (width 0.1))
    (fp_line (start 4.04 3.81) (end 1.5 3.81) (layer F.Fab) (width 0.1))
    (fp_line (start 4.04 -1.27) (end 4.04 3.81) (layer F.Fab) (width 0.1))
    (fp_line (start 2.135 -1.27) (end 4.04 -1.27) (layer F.Fab) (width 0.1))
    (pad 2 thru_hole oval (at 0 2.54) (size 1.7 1.7) (drill 1) (layers *.Cu *.Mask)
      (net 18 "Net-(BT1-Pad1)"))
    (pad 1 thru_hole rect (at 0 0) (size 1.7 1.7) (drill 1) (layers *.Cu *.Mask)
      (net 8 VCC))
    (model ${KISYS3DMOD}/Pin_Headers.3dshapes/Pin_Header_Angled_1x02_Pitch2.54mm.wrl
      (at (xyz 0 0 0))
      (scale (xyz 1 1 1))
      (rotate (xyz 0 0 0))
    )
  )

  (module "Rays Footprints:Keystone-3035-CR2032-Coin" (layer B.Cu) (tedit 5C701D3A) (tstamp 5C708314)
    (at 151.384 103.378 180)
    (path /5C7010F5)
    (fp_text reference BT1 (at -0.254 -9.8044 180) (layer B.SilkS)
      (effects (font (size 1 1) (thickness 0.15)) (justify mirror))
    )
    (fp_text value Battery_Cell (at -0.0508 -7.8232 180) (layer B.Fab)
      (effects (font (size 1 1) (thickness 0.15)) (justify mirror))
    )
    (fp_line (start -10.6045 7.62) (end 10.6045 7.62) (layer B.SilkS) (width 0.1524))
    (fp_line (start 7.8232 -7.62) (end 10.6172 -4.826) (layer B.SilkS) (width 0.1524))
    (fp_line (start 10.6172 1.6002) (end 10.6172 7.62) (layer B.SilkS) (width 0.1524))
    (fp_line (start 7.8232 -7.62) (end -7.8232 -7.62) (layer B.SilkS) (width 0.1524))
    (fp_line (start -7.8232 -7.62) (end -10.6172 -4.826) (layer B.SilkS) (width 0.1524))
    (fp_circle (center 5.6134 -4.318) (end 8.1534 -4.318) (layer B.Fab) (width 0.1524))
    (fp_circle (center -5.6134 -4.318) (end -3.0734 -4.318) (layer B.Fab) (width 0.1524))
    (fp_line (start 0 7.874) (end 0 10.414) (layer B.SilkS) (width 0.1524))
    (fp_line (start 0 7.874) (end 0.762 8.636) (layer B.SilkS) (width 0.1524))
    (fp_line (start 0 7.874) (end -0.762 8.636) (layer B.SilkS) (width 0.1524))
    (fp_line (start 11.176 -10.668) (end 11.176 27.432) (layer B.CrtYd) (width 0.1524))
    (fp_line (start -11.176 -10.668) (end -11.176 27.432) (layer B.CrtYd) (width 0.1524))
    (fp_line (start -11.176 27.432) (end 11.176 27.432) (layer B.CrtYd) (width 0.1524))
    (fp_line (start -11.176 -10.668) (end 11.176 -10.668) (layer B.CrtYd) (width 0.1524))
    (fp_circle (center 0 0) (end 10.163175 0) (layer B.Fab) (width 0.1524))
    (fp_line (start 10.6172 -4.826) (end 10.6172 -1.5748) (layer B.SilkS) (width 0.1524))
    (fp_line (start -10.6172 1.6002) (end -10.6172 7.62) (layer B.SilkS) (width 0.1524))
    (fp_line (start -10.6172 -4.826) (end -10.6172 -1.5748) (layer B.SilkS) (width 0.1524))
    (pad 1 thru_hole circle (at -10.795 0 90) (size 3.175 3.175) (drill 2.032) (layers *.Cu *.Mask)
      (net 18 "Net-(BT1-Pad1)"))
    (pad 1 thru_hole circle (at 10.795 0 180) (size 3.175 3.175) (drill 2.032) (layers *.Cu *.Mask)
      (net 18 "Net-(BT1-Pad1)"))
    (pad 2 smd rect (at 0 0 180) (size 5.08 5.08) (layers B.Cu B.Paste B.Mask)
      (net 1 GND))
  )

  (module LEDs:LED_D3.0mm (layer F.Cu) (tedit 5C6F713C) (tstamp 5C738C74)
    (at 126.238 106.807)
    (descr "LED, diameter 3.0mm, 2 pins")
    (tags "LED diameter 3.0mm 2 pins")
    (path /5C6F5728)
    (fp_text reference D4 (at -0.1524 -3.0226) (layer F.SilkS)
      (effects (font (size 1.524 1.524) (thickness 0.2032)))
    )
    (fp_text value LED (at 1.27 -2.921) (layer F.Fab)
      (effects (font (size 1 1) (thickness 0.15)))
    )
    (fp_arc (start 1.27 0) (end -0.23 -1.16619) (angle 284.3) (layer F.Fab) (width 0.1))
    (fp_arc (start 1.27 0) (end -0.29 -1.235516) (angle 108.8) (layer F.SilkS) (width 0.12))
    (fp_arc (start 1.27 0) (end -0.29 1.235516) (angle -108.8) (layer F.SilkS) (width 0.12))
    (fp_arc (start 1.27 0) (end 0.229039 -1.08) (angle 87.9) (layer F.SilkS) (width 0.12))
    (fp_arc (start 1.27 0) (end 0.229039 1.08) (angle -87.9) (layer F.SilkS) (width 0.12))
    (fp_circle (center 1.27 0) (end 2.77 0) (layer F.Fab) (width 0.1))
    (fp_line (start -0.23 -1.16619) (end -0.23 1.16619) (layer F.Fab) (width 0.1))
    (fp_line (start -0.29 -1.236) (end -0.29 -1.08) (layer F.SilkS) (width 0.12))
    (fp_line (start -0.29 1.08) (end -0.29 1.236) (layer F.SilkS) (width 0.12))
    (fp_line (start -1.15 -2.25) (end -1.15 2.25) (layer F.CrtYd) (width 0.05))
    (fp_line (start -1.15 2.25) (end 3.7 2.25) (layer F.CrtYd) (width 0.05))
    (fp_line (start 3.7 2.25) (end 3.7 -2.25) (layer F.CrtYd) (width 0.05))
    (fp_line (start 3.7 -2.25) (end -1.15 -2.25) (layer F.CrtYd) (width 0.05))
    (pad 1 thru_hole rect (at 0 0) (size 1.778 1.778) (drill 0.9) (layers *.Cu *.Mask)
      (net 10 "Net-(D1-Pad1)"))
    (pad 2 thru_hole circle (at 2.54 0) (size 2.032 2.032) (drill 0.9) (layers *.Cu *.Mask)
      (net 5 "Net-(D4-Pad2)"))
    (model ${KISYS3DMOD}/LEDs.3dshapes/LED_D3.0mm.wrl
      (at (xyz 0 0 0))
      (scale (xyz 0.393701 0.393701 0.393701))
      (rotate (xyz 0 0 0))
    )
  )

  (module LEDs:LED_D3.0mm (layer F.Cu) (tedit 5C6F7153) (tstamp 5C6F60A6)
    (at 171.958 106.807)
    (descr "LED, diameter 3.0mm, 2 pins")
    (tags "LED diameter 3.0mm 2 pins")
    (path /5C6F56F7)
    (fp_text reference D3 (at -2.921 0.0635) (layer F.SilkS)
      (effects (font (size 1.524 1.524) (thickness 0.2032)))
    )
    (fp_text value LED (at 1.27 -2.921) (layer F.Fab)
      (effects (font (size 1 1) (thickness 0.15)))
    )
    (fp_line (start 3.7 -2.25) (end -1.15 -2.25) (layer F.CrtYd) (width 0.05))
    (fp_line (start 3.7 2.25) (end 3.7 -2.25) (layer F.CrtYd) (width 0.05))
    (fp_line (start -1.15 2.25) (end 3.7 2.25) (layer F.CrtYd) (width 0.05))
    (fp_line (start -1.15 -2.25) (end -1.15 2.25) (layer F.CrtYd) (width 0.05))
    (fp_line (start -0.29 1.08) (end -0.29 1.236) (layer F.SilkS) (width 0.12))
    (fp_line (start -0.29 -1.236) (end -0.29 -1.08) (layer F.SilkS) (width 0.12))
    (fp_line (start -0.23 -1.16619) (end -0.23 1.16619) (layer F.Fab) (width 0.1))
    (fp_circle (center 1.27 0) (end 2.77 0) (layer F.Fab) (width 0.1))
    (fp_arc (start 1.27 0) (end 0.229039 1.08) (angle -87.9) (layer F.SilkS) (width 0.12))
    (fp_arc (start 1.27 0) (end 0.229039 -1.08) (angle 87.9) (layer F.SilkS) (width 0.12))
    (fp_arc (start 1.27 0) (end -0.29 1.235516) (angle -108.8) (layer F.SilkS) (width 0.12))
    (fp_arc (start 1.27 0) (end -0.29 -1.235516) (angle 108.8) (layer F.SilkS) (width 0.12))
    (fp_arc (start 1.27 0) (end -0.23 -1.16619) (angle 284.3) (layer F.Fab) (width 0.1))
    (pad 2 thru_hole circle (at 2.54 0) (size 2.032 2.032) (drill 0.9) (layers *.Cu *.Mask)
      (net 4 "Net-(D3-Pad2)"))
    (pad 1 thru_hole rect (at 0 0) (size 1.778 1.778) (drill 0.9) (layers *.Cu *.Mask)
      (net 10 "Net-(D1-Pad1)"))
    (model ${KISYS3DMOD}/LEDs.3dshapes/LED_D3.0mm.wrl
      (at (xyz 0 0 0))
      (scale (xyz 0.393701 0.393701 0.393701))
      (rotate (xyz 0 0 0))
    )
  )

  (module LEDs:LED_D3.0mm (layer F.Cu) (tedit 5C6F7131) (tstamp 5C70558C)
    (at 126.365 60.96)
    (descr "LED, diameter 3.0mm, 2 pins")
    (tags "LED diameter 3.0mm 2 pins")
    (path /5C6F5677)
    (fp_text reference D1 (at -2.6416 -0.0508) (layer F.SilkS)
      (effects (font (size 1.524 1.524) (thickness 0.2032)))
    )
    (fp_text value LED (at 1.143 -2.54) (layer F.Fab)
      (effects (font (size 1 1) (thickness 0.15)))
    )
    (fp_arc (start 1.27 0) (end -0.23 -1.16619) (angle 284.3) (layer F.Fab) (width 0.1))
    (fp_arc (start 1.27 0) (end -0.29 -1.235516) (angle 108.8) (layer F.SilkS) (width 0.12))
    (fp_arc (start 1.27 0) (end -0.29 1.235516) (angle -108.8) (layer F.SilkS) (width 0.12))
    (fp_arc (start 1.27 0) (end 0.229039 -1.08) (angle 87.9) (layer F.SilkS) (width 0.12))
    (fp_arc (start 1.27 0) (end 0.229039 1.08) (angle -87.9) (layer F.SilkS) (width 0.12))
    (fp_circle (center 1.27 0) (end 2.77 0) (layer F.Fab) (width 0.1))
    (fp_line (start -0.23 -1.16619) (end -0.23 1.16619) (layer F.Fab) (width 0.1))
    (fp_line (start -0.29 -1.236) (end -0.29 -1.08) (layer F.SilkS) (width 0.12))
    (fp_line (start -0.29 1.08) (end -0.29 1.236) (layer F.SilkS) (width 0.12))
    (fp_line (start -1.15 -2.25) (end -1.15 2.25) (layer F.CrtYd) (width 0.05))
    (fp_line (start -1.15 2.25) (end 3.7 2.25) (layer F.CrtYd) (width 0.05))
    (fp_line (start 3.7 2.25) (end 3.7 -2.25) (layer F.CrtYd) (width 0.05))
    (fp_line (start 3.7 -2.25) (end -1.15 -2.25) (layer F.CrtYd) (width 0.05))
    (pad 1 thru_hole rect (at 0 0) (size 1.778 1.778) (drill 0.9) (layers *.Cu *.Mask)
      (net 10 "Net-(D1-Pad1)"))
    (pad 2 thru_hole circle (at 2.54 0) (size 2.032 2.032) (drill 0.9) (layers *.Cu *.Mask)
      (net 2 "Net-(D1-Pad2)"))
    (model ${KISYS3DMOD}/LEDs.3dshapes/LED_D3.0mm.wrl
      (at (xyz 0 0 0))
      (scale (xyz 0.393701 0.393701 0.393701))
      (rotate (xyz 0 0 0))
    )
  )

  (module LEDs:LED_D3.0mm (layer F.Cu) (tedit 5C6F7166) (tstamp 5C6F6093)
    (at 171.704 60.96)
    (descr "LED, diameter 3.0mm, 2 pins")
    (tags "LED diameter 3.0mm 2 pins")
    (path /5C6F56D9)
    (fp_text reference D2 (at -2.7432 1.016) (layer F.SilkS)
      (effects (font (size 1.524 1.524) (thickness 0.2032)))
    )
    (fp_text value LED (at 1.27 -2.794) (layer F.Fab)
      (effects (font (size 1 1) (thickness 0.15)))
    )
    (fp_arc (start 1.27 0) (end -0.23 -1.16619) (angle 284.3) (layer F.Fab) (width 0.1))
    (fp_arc (start 1.27 0) (end -0.29 -1.235516) (angle 108.8) (layer F.SilkS) (width 0.12))
    (fp_arc (start 1.27 0) (end -0.29 1.235516) (angle -108.8) (layer F.SilkS) (width 0.12))
    (fp_arc (start 1.27 0) (end 0.229039 -1.08) (angle 87.9) (layer F.SilkS) (width 0.12))
    (fp_arc (start 1.27 0) (end 0.229039 1.08) (angle -87.9) (layer F.SilkS) (width 0.12))
    (fp_circle (center 1.27 0) (end 2.77 0) (layer F.Fab) (width 0.1))
    (fp_line (start -0.23 -1.16619) (end -0.23 1.16619) (layer F.Fab) (width 0.1))
    (fp_line (start -0.29 -1.236) (end -0.29 -1.08) (layer F.SilkS) (width 0.12))
    (fp_line (start -0.29 1.08) (end -0.29 1.236) (layer F.SilkS) (width 0.12))
    (fp_line (start -1.15 -2.25) (end -1.15 2.25) (layer F.CrtYd) (width 0.05))
    (fp_line (start -1.15 2.25) (end 3.7 2.25) (layer F.CrtYd) (width 0.05))
    (fp_line (start 3.7 2.25) (end 3.7 -2.25) (layer F.CrtYd) (width 0.05))
    (fp_line (start 3.7 -2.25) (end -1.15 -2.25) (layer F.CrtYd) (width 0.05))
    (pad 1 thru_hole rect (at 0 0) (size 1.778 1.778) (drill 0.9) (layers *.Cu *.Mask)
      (net 10 "Net-(D1-Pad1)"))
    (pad 2 thru_hole circle (at 2.54 0) (size 2.032 2.032) (drill 0.9) (layers *.Cu *.Mask)
      (net 3 "Net-(D2-Pad2)"))
    (model ${KISYS3DMOD}/LEDs.3dshapes/LED_D3.0mm.wrl
      (at (xyz 0 0 0))
      (scale (xyz 0.393701 0.393701 0.393701))
      (rotate (xyz 0 0 0))
    )
  )

  (module LEDs:LED_D3.0mm (layer F.Cu) (tedit 5C6F715F) (tstamp 5C6F60CC)
    (at 132.334 93.218)
    (descr "LED, diameter 3.0mm, 2 pins")
    (tags "LED diameter 3.0mm 2 pins")
    (path /5C6F5750)
    (fp_text reference D5 (at -2.4384 -0.1016) (layer F.SilkS)
      (effects (font (size 1.524 1.524) (thickness 0.2032)))
    )
    (fp_text value LED (at 1.27 -2.794) (layer F.Fab)
      (effects (font (size 1 1) (thickness 0.15)))
    )
    (fp_line (start 3.7 -2.25) (end -1.15 -2.25) (layer F.CrtYd) (width 0.05))
    (fp_line (start 3.7 2.25) (end 3.7 -2.25) (layer F.CrtYd) (width 0.05))
    (fp_line (start -1.15 2.25) (end 3.7 2.25) (layer F.CrtYd) (width 0.05))
    (fp_line (start -1.15 -2.25) (end -1.15 2.25) (layer F.CrtYd) (width 0.05))
    (fp_line (start -0.29 1.08) (end -0.29 1.236) (layer F.SilkS) (width 0.12))
    (fp_line (start -0.29 -1.236) (end -0.29 -1.08) (layer F.SilkS) (width 0.12))
    (fp_line (start -0.23 -1.16619) (end -0.23 1.16619) (layer F.Fab) (width 0.1))
    (fp_circle (center 1.27 0) (end 2.77 0) (layer F.Fab) (width 0.1))
    (fp_arc (start 1.27 0) (end 0.229039 1.08) (angle -87.9) (layer F.SilkS) (width 0.12))
    (fp_arc (start 1.27 0) (end 0.229039 -1.08) (angle 87.9) (layer F.SilkS) (width 0.12))
    (fp_arc (start 1.27 0) (end -0.29 1.235516) (angle -108.8) (layer F.SilkS) (width 0.12))
    (fp_arc (start 1.27 0) (end -0.29 -1.235516) (angle 108.8) (layer F.SilkS) (width 0.12))
    (fp_arc (start 1.27 0) (end -0.23 -1.16619) (angle 284.3) (layer F.Fab) (width 0.1))
    (pad 2 thru_hole circle (at 2.54 0) (size 2.032 2.032) (drill 0.9) (layers *.Cu *.Mask)
      (net 6 "Net-(D5-Pad2)"))
    (pad 1 thru_hole rect (at 0 0) (size 1.778 1.778) (drill 0.9) (layers *.Cu *.Mask)
      (net 10 "Net-(D1-Pad1)"))
    (model ${KISYS3DMOD}/LEDs.3dshapes/LED_D3.0mm.wrl
      (at (xyz 0 0 0))
      (scale (xyz 0.393701 0.393701 0.393701))
      (rotate (xyz 0 0 0))
    )
  )

  (module LEDs:LED_D3.0mm (layer F.Cu) (tedit 5C6F7162) (tstamp 5C6F60DF)
    (at 161.29 76.835)
    (descr "LED, diameter 3.0mm, 2 pins")
    (tags "LED diameter 3.0mm 2 pins")
    (path /5C71463E)
    (fp_text reference D6 (at -2.6924 0.5588) (layer F.SilkS)
      (effects (font (size 1.524 1.524) (thickness 0.2032)))
    )
    (fp_text value LED (at 1.27 -2.667) (layer F.Fab)
      (effects (font (size 1 1) (thickness 0.15)))
    )
    (fp_line (start 3.7 -2.25) (end -1.15 -2.25) (layer F.CrtYd) (width 0.05))
    (fp_line (start 3.7 2.25) (end 3.7 -2.25) (layer F.CrtYd) (width 0.05))
    (fp_line (start -1.15 2.25) (end 3.7 2.25) (layer F.CrtYd) (width 0.05))
    (fp_line (start -1.15 -2.25) (end -1.15 2.25) (layer F.CrtYd) (width 0.05))
    (fp_line (start -0.29 1.08) (end -0.29 1.236) (layer F.SilkS) (width 0.12))
    (fp_line (start -0.29 -1.236) (end -0.29 -1.08) (layer F.SilkS) (width 0.12))
    (fp_line (start -0.23 -1.16619) (end -0.23 1.16619) (layer F.Fab) (width 0.1))
    (fp_circle (center 1.27 0) (end 2.77 0) (layer F.Fab) (width 0.1))
    (fp_arc (start 1.27 0) (end 0.229039 1.08) (angle -87.9) (layer F.SilkS) (width 0.12))
    (fp_arc (start 1.27 0) (end 0.229039 -1.08) (angle 87.9) (layer F.SilkS) (width 0.12))
    (fp_arc (start 1.27 0) (end -0.29 1.235516) (angle -108.8) (layer F.SilkS) (width 0.12))
    (fp_arc (start 1.27 0) (end -0.29 -1.235516) (angle 108.8) (layer F.SilkS) (width 0.12))
    (fp_arc (start 1.27 0) (end -0.23 -1.16619) (angle 284.3) (layer F.Fab) (width 0.1))
    (pad 2 thru_hole circle (at 2.54 0) (size 2.032 2.032) (drill 0.9) (layers *.Cu *.Mask)
      (net 7 "Net-(D6-Pad2)"))
    (pad 1 thru_hole rect (at 0 0) (size 1.778 1.778) (drill 0.9) (layers *.Cu *.Mask)
      (net 10 "Net-(D1-Pad1)"))
    (model ${KISYS3DMOD}/LEDs.3dshapes/LED_D3.0mm.wrl
      (at (xyz 0 0 0))
      (scale (xyz 0.393701 0.393701 0.393701))
      (rotate (xyz 0 0 0))
    )
  )

  (module LEDs:LED_D3.0mm (layer F.Cu) (tedit 5C6F7747) (tstamp 5C6F7DDF)
    (at 148.971 60.0202)
    (descr "LED, diameter 3.0mm, 2 pins")
    (tags "LED diameter 3.0mm 2 pins")
    (path /5C714644)
    (fp_text reference D7 (at -2.8702 0.8382) (layer F.SilkS)
      (effects (font (size 1.524 1.524) (thickness 0.2032)))
    )
    (fp_text value LED (at 1.27 -2.413) (layer F.Fab)
      (effects (font (size 1 1) (thickness 0.15)))
    )
    (fp_line (start 3.7 -2.25) (end -1.15 -2.25) (layer F.CrtYd) (width 0.05))
    (fp_line (start 3.7 2.25) (end 3.7 -2.25) (layer F.CrtYd) (width 0.05))
    (fp_line (start -1.15 2.25) (end 3.7 2.25) (layer F.CrtYd) (width 0.05))
    (fp_line (start -1.15 -2.25) (end -1.15 2.25) (layer F.CrtYd) (width 0.05))
    (fp_line (start -0.29 1.08) (end -0.29 1.236) (layer F.SilkS) (width 0.12))
    (fp_line (start -0.29 -1.236) (end -0.29 -1.08) (layer F.SilkS) (width 0.12))
    (fp_line (start -0.23 -1.16619) (end -0.23 1.16619) (layer F.Fab) (width 0.1))
    (fp_circle (center 1.27 0) (end 2.77 0) (layer F.Fab) (width 0.1))
    (fp_arc (start 1.27 0) (end 0.229039 1.08) (angle -87.9) (layer F.SilkS) (width 0.12))
    (fp_arc (start 1.27 0) (end 0.229039 -1.08) (angle 87.9) (layer F.SilkS) (width 0.12))
    (fp_arc (start 1.27 0) (end -0.29 1.235516) (angle -108.8) (layer F.SilkS) (width 0.12))
    (fp_arc (start 1.27 0) (end -0.29 -1.235516) (angle 108.8) (layer F.SilkS) (width 0.12))
    (fp_arc (start 1.27 0) (end -0.23 -1.16619) (angle 284.3) (layer F.Fab) (width 0.1))
    (pad 2 thru_hole circle (at 2.54 0) (size 1.8 1.8) (drill 0.9) (layers *.Cu *.Mask)
      (net 11 "Net-(D7-Pad2)"))
    (pad 1 thru_hole rect (at 0 0) (size 1.8 1.8) (drill 0.9) (layers *.Cu *.Mask)
      (net 22 "Net-(D10-Pad1)"))
    (model ${KISYS3DMOD}/LEDs.3dshapes/LED_D3.0mm.wrl
      (at (xyz 0 0 0))
      (scale (xyz 0.393701 0.393701 0.393701))
      (rotate (xyz 0 0 0))
    )
  )

  (module LEDs:LED_D3.0mm (layer F.Cu) (tedit 5C6F76DA) (tstamp 5C6F7DF2)
    (at 173.4312 83.82)
    (descr "LED, diameter 3.0mm, 2 pins")
    (tags "LED diameter 3.0mm 2 pins")
    (path /5C71464A)
    (fp_text reference D8 (at -2.8321 1.3843) (layer F.SilkS)
      (effects (font (size 1.524 1.524) (thickness 0.2032)))
    )
    (fp_text value LED (at 1.0668 -2.54) (layer F.Fab)
      (effects (font (size 1 1) (thickness 0.15)))
    )
    (fp_arc (start 1.27 0) (end -0.23 -1.16619) (angle 284.3) (layer F.Fab) (width 0.1))
    (fp_arc (start 1.27 0) (end -0.29 -1.235516) (angle 108.8) (layer F.SilkS) (width 0.12))
    (fp_arc (start 1.27 0) (end -0.29 1.235516) (angle -108.8) (layer F.SilkS) (width 0.12))
    (fp_arc (start 1.27 0) (end 0.229039 -1.08) (angle 87.9) (layer F.SilkS) (width 0.12))
    (fp_arc (start 1.27 0) (end 0.229039 1.08) (angle -87.9) (layer F.SilkS) (width 0.12))
    (fp_circle (center 1.27 0) (end 2.77 0) (layer F.Fab) (width 0.1))
    (fp_line (start -0.23 -1.16619) (end -0.23 1.16619) (layer F.Fab) (width 0.1))
    (fp_line (start -0.29 -1.236) (end -0.29 -1.08) (layer F.SilkS) (width 0.12))
    (fp_line (start -0.29 1.08) (end -0.29 1.236) (layer F.SilkS) (width 0.12))
    (fp_line (start -1.15 -2.25) (end -1.15 2.25) (layer F.CrtYd) (width 0.05))
    (fp_line (start -1.15 2.25) (end 3.7 2.25) (layer F.CrtYd) (width 0.05))
    (fp_line (start 3.7 2.25) (end 3.7 -2.25) (layer F.CrtYd) (width 0.05))
    (fp_line (start 3.7 -2.25) (end -1.15 -2.25) (layer F.CrtYd) (width 0.05))
    (pad 1 thru_hole rect (at 0 0) (size 1.8 1.8) (drill 0.9) (layers *.Cu *.Mask)
      (net 22 "Net-(D10-Pad1)"))
    (pad 2 thru_hole circle (at 2.54 0) (size 1.8 1.8) (drill 0.9) (layers *.Cu *.Mask)
      (net 12 "Net-(D8-Pad2)"))
    (model ${KISYS3DMOD}/LEDs.3dshapes/LED_D3.0mm.wrl
      (at (xyz 0 0 0))
      (scale (xyz 0.393701 0.393701 0.393701))
      (rotate (xyz 0 0 0))
    )
  )

  (module LEDs:LED_D3.0mm (layer F.Cu) (tedit 5C6F7760) (tstamp 5C6F7E18)
    (at 124.968 83.693)
    (descr "LED, diameter 3.0mm, 2 pins")
    (tags "LED diameter 3.0mm 2 pins")
    (path /5C714656)
    (fp_text reference D10 (at 4.9784 -2.6162) (layer F.SilkS)
      (effects (font (size 1.524 1.524) (thickness 0.2032)))
    )
    (fp_text value LED (at 1.27 -2.667) (layer F.Fab)
      (effects (font (size 1 1) (thickness 0.15)))
    )
    (fp_arc (start 1.27 0) (end -0.23 -1.16619) (angle 284.3) (layer F.Fab) (width 0.1))
    (fp_arc (start 1.27 0) (end -0.29 -1.235516) (angle 108.8) (layer F.SilkS) (width 0.12))
    (fp_arc (start 1.27 0) (end -0.29 1.235516) (angle -108.8) (layer F.SilkS) (width 0.12))
    (fp_arc (start 1.27 0) (end 0.229039 -1.08) (angle 87.9) (layer F.SilkS) (width 0.12))
    (fp_arc (start 1.27 0) (end 0.229039 1.08) (angle -87.9) (layer F.SilkS) (width 0.12))
    (fp_circle (center 1.27 0) (end 2.77 0) (layer F.Fab) (width 0.1))
    (fp_line (start -0.23 -1.16619) (end -0.23 1.16619) (layer F.Fab) (width 0.1))
    (fp_line (start -0.29 -1.236) (end -0.29 -1.08) (layer F.SilkS) (width 0.12))
    (fp_line (start -0.29 1.08) (end -0.29 1.236) (layer F.SilkS) (width 0.12))
    (fp_line (start -1.15 -2.25) (end -1.15 2.25) (layer F.CrtYd) (width 0.05))
    (fp_line (start -1.15 2.25) (end 3.7 2.25) (layer F.CrtYd) (width 0.05))
    (fp_line (start 3.7 2.25) (end 3.7 -2.25) (layer F.CrtYd) (width 0.05))
    (fp_line (start 3.7 -2.25) (end -1.15 -2.25) (layer F.CrtYd) (width 0.05))
    (pad 1 thru_hole rect (at 0 0) (size 1.8 1.8) (drill 0.9) (layers *.Cu *.Mask)
      (net 22 "Net-(D10-Pad1)"))
    (pad 2 thru_hole circle (at 2.54 0) (size 1.8 1.8) (drill 0.9) (layers *.Cu *.Mask)
      (net 14 "Net-(D10-Pad2)"))
    (model ${KISYS3DMOD}/LEDs.3dshapes/LED_D3.0mm.wrl
      (at (xyz 0 0 0))
      (scale (xyz 0.393701 0.393701 0.393701))
      (rotate (xyz 0 0 0))
    )
  )

  (module LEDs:LED_D3.0mm (layer F.Cu) (tedit 5C6F76E3) (tstamp 5C6F7E2B)
    (at 144.653 86.36)
    (descr "LED, diameter 3.0mm, 2 pins")
    (tags "LED diameter 3.0mm 2 pins")
    (path /5C6FD4CE)
    (fp_text reference D11 (at -3.4544 0.0127) (layer F.SilkS)
      (effects (font (size 1.524 1.524) (thickness 0.2032)))
    )
    (fp_text value LED (at 2.159 3.048) (layer F.Fab)
      (effects (font (size 1 1) (thickness 0.15)))
    )
    (fp_line (start 3.7 -2.25) (end -1.15 -2.25) (layer F.CrtYd) (width 0.05))
    (fp_line (start 3.7 2.25) (end 3.7 -2.25) (layer F.CrtYd) (width 0.05))
    (fp_line (start -1.15 2.25) (end 3.7 2.25) (layer F.CrtYd) (width 0.05))
    (fp_line (start -1.15 -2.25) (end -1.15 2.25) (layer F.CrtYd) (width 0.05))
    (fp_line (start -0.29 1.08) (end -0.29 1.236) (layer F.SilkS) (width 0.12))
    (fp_line (start -0.29 -1.236) (end -0.29 -1.08) (layer F.SilkS) (width 0.12))
    (fp_line (start -0.23 -1.16619) (end -0.23 1.16619) (layer F.Fab) (width 0.1))
    (fp_circle (center 1.27 0) (end 2.77 0) (layer F.Fab) (width 0.1))
    (fp_arc (start 1.27 0) (end 0.229039 1.08) (angle -87.9) (layer F.SilkS) (width 0.12))
    (fp_arc (start 1.27 0) (end 0.229039 -1.08) (angle 87.9) (layer F.SilkS) (width 0.12))
    (fp_arc (start 1.27 0) (end -0.29 1.235516) (angle -108.8) (layer F.SilkS) (width 0.12))
    (fp_arc (start 1.27 0) (end -0.29 -1.235516) (angle 108.8) (layer F.SilkS) (width 0.12))
    (fp_arc (start 1.27 0) (end -0.23 -1.16619) (angle 284.3) (layer F.Fab) (width 0.1))
    (pad 2 thru_hole circle (at 2.54 0) (size 1.8 1.8) (drill 0.9) (layers *.Cu *.Mask)
      (net 15 "Net-(D11-Pad2)"))
    (pad 1 thru_hole rect (at 0 0) (size 1.8 1.8) (drill 0.9) (layers *.Cu *.Mask)
      (net 22 "Net-(D10-Pad1)"))
    (model ${KISYS3DMOD}/LEDs.3dshapes/LED_D3.0mm.wrl
      (at (xyz 0 0 0))
      (scale (xyz 0.393701 0.393701 0.393701))
      (rotate (xyz 0 0 0))
    )
  )

  (module TO_SOT_Packages_THT:TO-92_Inline_Wide (layer F.Cu) (tedit 5C703380) (tstamp 5C6F8FA7)
    (at 171.704 69.342)
    (descr "TO-92 leads in-line, wide, drill 0.8mm (see NXP sot054_po.pdf)")
    (tags "to-92 sc-43 sc-43a sot54 PA33 transistor")
    (path /5C6F7B41)
    (fp_text reference Q1 (at 5.6388 -3.175 180) (layer F.SilkS)
      (effects (font (size 1.524 1.524) (thickness 0.2032)))
    )
    (fp_text value 2N3904 (at 2.54 -1.905) (layer F.Fab)
      (effects (font (size 1 1) (thickness 0.15)))
    )
    (fp_text user %R (at 2.54 -3.429 180) (layer F.Fab)
      (effects (font (size 1 1) (thickness 0.15)))
    )
    (fp_line (start 0.74 1.85) (end 4.34 1.85) (layer F.SilkS) (width 0.12))
    (fp_line (start 0.8 1.75) (end 4.3 1.75) (layer F.Fab) (width 0.1))
    (fp_line (start -1.01 -2.73) (end 6.09 -2.73) (layer F.CrtYd) (width 0.05))
    (fp_line (start -1.01 -2.73) (end -1.01 2.01) (layer F.CrtYd) (width 0.05))
    (fp_line (start 6.09 2.01) (end 6.09 -2.73) (layer F.CrtYd) (width 0.05))
    (fp_line (start 6.09 2.01) (end -1.01 2.01) (layer F.CrtYd) (width 0.05))
    (fp_arc (start 2.54 0) (end 0.74 1.85) (angle 20) (layer F.SilkS) (width 0.12))
    (fp_arc (start 2.54 0) (end 2.54 -2.6) (angle -65) (layer F.SilkS) (width 0.12))
    (fp_arc (start 2.54 0) (end 2.54 -2.6) (angle 65) (layer F.SilkS) (width 0.12))
    (fp_arc (start 2.54 0) (end 2.54 -2.48) (angle 135) (layer F.Fab) (width 0.1))
    (fp_arc (start 2.54 0) (end 2.54 -2.48) (angle -135) (layer F.Fab) (width 0.1))
    (fp_arc (start 2.54 0) (end 4.34 1.85) (angle -20) (layer F.SilkS) (width 0.12))
    (pad 2 thru_hole circle (at 2.54 0 90) (size 1.52 1.52) (drill 0.8) (layers *.Cu *.Mask)
      (net 16 "Net-(Q1-Pad2)"))
    (pad 3 thru_hole circle (at 5.08 0 90) (size 1.52 1.52) (drill 0.8) (layers *.Cu *.Mask)
      (net 10 "Net-(D1-Pad1)"))
    (pad 1 thru_hole rect (at 0 0 90) (size 1.52 1.52) (drill 0.8) (layers *.Cu *.Mask)
      (net 1 GND))
    (model ${KISYS3DMOD}/TO_SOT_Packages_THT.3dshapes/TO-92_Inline_Wide.wrl
      (offset (xyz 2.539999961853027 0 0))
      (scale (xyz 1 1 1))
      (rotate (xyz 0 0 -90))
    )
  )

  (module TO_SOT_Packages_THT:TO-92_Inline_Wide (layer F.Cu) (tedit 5C70337C) (tstamp 5C6F8F6E)
    (at 171.831 76.327)
    (descr "TO-92 leads in-line, wide, drill 0.8mm (see NXP sot054_po.pdf)")
    (tags "to-92 sc-43 sc-43a sot54 PA33 transistor")
    (path /5C77F2AF)
    (fp_text reference Q2 (at 5.6642 -3.0734 180) (layer F.SilkS)
      (effects (font (size 1.524 1.524) (thickness 0.2032)))
    )
    (fp_text value 2N3904 (at 2.413 -1.905) (layer F.Fab)
      (effects (font (size 1 1) (thickness 0.15)))
    )
    (fp_arc (start 2.54 0) (end 4.34 1.85) (angle -20) (layer F.SilkS) (width 0.12))
    (fp_arc (start 2.54 0) (end 2.54 -2.48) (angle -135) (layer F.Fab) (width 0.1))
    (fp_arc (start 2.54 0) (end 2.54 -2.48) (angle 135) (layer F.Fab) (width 0.1))
    (fp_arc (start 2.54 0) (end 2.54 -2.6) (angle 65) (layer F.SilkS) (width 0.12))
    (fp_arc (start 2.54 0) (end 2.54 -2.6) (angle -65) (layer F.SilkS) (width 0.12))
    (fp_arc (start 2.54 0) (end 0.74 1.85) (angle 20) (layer F.SilkS) (width 0.12))
    (fp_line (start 6.09 2.01) (end -1.01 2.01) (layer F.CrtYd) (width 0.05))
    (fp_line (start 6.09 2.01) (end 6.09 -2.73) (layer F.CrtYd) (width 0.05))
    (fp_line (start -1.01 -2.73) (end -1.01 2.01) (layer F.CrtYd) (width 0.05))
    (fp_line (start -1.01 -2.73) (end 6.09 -2.73) (layer F.CrtYd) (width 0.05))
    (fp_line (start 0.8 1.75) (end 4.3 1.75) (layer F.Fab) (width 0.1))
    (fp_line (start 0.74 1.85) (end 4.34 1.85) (layer F.SilkS) (width 0.12))
    (fp_text user %R (at 2.54 -3.175 180) (layer F.Fab)
      (effects (font (size 1 1) (thickness 0.15)))
    )
    (pad 1 thru_hole rect (at 0 0 90) (size 1.52 1.52) (drill 0.8) (layers *.Cu *.Mask)
      (net 1 GND))
    (pad 3 thru_hole circle (at 5.08 0 90) (size 1.52 1.52) (drill 0.8) (layers *.Cu *.Mask)
      (net 22 "Net-(D10-Pad1)"))
    (pad 2 thru_hole circle (at 2.54 0 90) (size 1.52 1.52) (drill 0.8) (layers *.Cu *.Mask)
      (net 17 "Net-(Q2-Pad2)"))
    (model ${KISYS3DMOD}/TO_SOT_Packages_THT.3dshapes/TO-92_Inline_Wide.wrl
      (offset (xyz 2.539999961853027 0 0))
      (scale (xyz 1 1 1))
      (rotate (xyz 0 0 -90))
    )
  )

  (module TO_SOT_Packages_THT:TO-92_Inline_Wide (layer F.Cu) (tedit 5C704004) (tstamp 5C707D65)
    (at 139.446 74.422 90)
    (descr "TO-92 leads in-line, wide, drill 0.8mm (see NXP sot054_po.pdf)")
    (tags "to-92 sc-43 sc-43a sot54 PA33 transistor")
    (path /5C75AB19)
    (fp_text reference Q3 (at 6.35 -2.54 270) (layer F.SilkS)
      (effects (font (size 1.524 1.524) (thickness 0.2032)))
    )
    (fp_text value 2N3904 (at 2.54 2.79 90) (layer F.Fab)
      (effects (font (size 1 1) (thickness 0.15)))
    )
    (fp_arc (start 2.54 0) (end 4.34 1.85) (angle -20) (layer F.SilkS) (width 0.12))
    (fp_arc (start 2.54 0) (end 2.54 -2.48) (angle -135) (layer F.Fab) (width 0.1))
    (fp_arc (start 2.54 0) (end 2.54 -2.48) (angle 135) (layer F.Fab) (width 0.1))
    (fp_arc (start 2.54 0) (end 2.54 -2.6) (angle 65) (layer F.SilkS) (width 0.12))
    (fp_arc (start 2.54 0) (end 2.54 -2.6) (angle -65) (layer F.SilkS) (width 0.12))
    (fp_arc (start 2.54 0) (end 0.74 1.85) (angle 20) (layer F.SilkS) (width 0.12))
    (fp_line (start 6.09 2.01) (end -1.01 2.01) (layer F.CrtYd) (width 0.05))
    (fp_line (start 6.09 2.01) (end 6.09 -2.73) (layer F.CrtYd) (width 0.05))
    (fp_line (start -1.01 -2.73) (end -1.01 2.01) (layer F.CrtYd) (width 0.05))
    (fp_line (start -1.01 -2.73) (end 6.09 -2.73) (layer F.CrtYd) (width 0.05))
    (fp_line (start 0.8 1.75) (end 4.3 1.75) (layer F.Fab) (width 0.1))
    (fp_line (start 0.74 1.85) (end 4.34 1.85) (layer F.SilkS) (width 0.12))
    (fp_text user %R (at 2.54 -3.56 270) (layer F.Fab)
      (effects (font (size 1 1) (thickness 0.15)))
    )
    (pad 1 thru_hole rect (at 0 0 180) (size 1.52 1.52) (drill 0.8) (layers *.Cu *.Mask)
      (net 1 GND))
    (pad 3 thru_hole circle (at 5.08 0 180) (size 1.52 1.52) (drill 0.8) (layers *.Cu *.Mask)
      (net 20 "Net-(C1-Pad1)"))
    (pad 2 thru_hole circle (at 2.54 0 180) (size 1.52 1.52) (drill 0.8) (layers *.Cu *.Mask)
      (net 21 "Net-(C2-Pad1)"))
    (model ${KISYS3DMOD}/TO_SOT_Packages_THT.3dshapes/TO-92_Inline_Wide.wrl
      (offset (xyz 2.539999961853027 0 0))
      (scale (xyz 1 1 1))
      (rotate (xyz 0 0 -90))
    )
  )

  (module TO_SOT_Packages_THT:TO-92_Inline_Wide (layer F.Cu) (tedit 5C703FFD) (tstamp 5C706D77)
    (at 132.842 74.422 90)
    (descr "TO-92 leads in-line, wide, drill 0.8mm (see NXP sot054_po.pdf)")
    (tags "to-92 sc-43 sc-43a sot54 PA33 transistor")
    (path /5C75AA23)
    (fp_text reference Q4 (at 6.604 -2.286 270) (layer F.SilkS)
      (effects (font (size 1.524 1.524) (thickness 0.2032)))
    )
    (fp_text value 2N3904 (at 2.54 2.79 90) (layer F.Fab)
      (effects (font (size 1 1) (thickness 0.15)))
    )
    (fp_text user %R (at 2.54 -3.56 270) (layer F.Fab)
      (effects (font (size 1 1) (thickness 0.15)))
    )
    (fp_line (start 0.74 1.85) (end 4.34 1.85) (layer F.SilkS) (width 0.12))
    (fp_line (start 0.8 1.75) (end 4.3 1.75) (layer F.Fab) (width 0.1))
    (fp_line (start -1.01 -2.73) (end 6.09 -2.73) (layer F.CrtYd) (width 0.05))
    (fp_line (start -1.01 -2.73) (end -1.01 2.01) (layer F.CrtYd) (width 0.05))
    (fp_line (start 6.09 2.01) (end 6.09 -2.73) (layer F.CrtYd) (width 0.05))
    (fp_line (start 6.09 2.01) (end -1.01 2.01) (layer F.CrtYd) (width 0.05))
    (fp_arc (start 2.54 0) (end 0.74 1.85) (angle 20) (layer F.SilkS) (width 0.12))
    (fp_arc (start 2.54 0) (end 2.54 -2.6) (angle -65) (layer F.SilkS) (width 0.12))
    (fp_arc (start 2.54 0) (end 2.54 -2.6) (angle 65) (layer F.SilkS) (width 0.12))
    (fp_arc (start 2.54 0) (end 2.54 -2.48) (angle 135) (layer F.Fab) (width 0.1))
    (fp_arc (start 2.54 0) (end 2.54 -2.48) (angle -135) (layer F.Fab) (width 0.1))
    (fp_arc (start 2.54 0) (end 4.34 1.85) (angle -20) (layer F.SilkS) (width 0.12))
    (pad 2 thru_hole circle (at 2.54 0 180) (size 1.52 1.52) (drill 0.8) (layers *.Cu *.Mask)
      (net 19 "Net-(C1-Pad2)"))
    (pad 3 thru_hole circle (at 5.08 0 180) (size 1.52 1.52) (drill 0.8) (layers *.Cu *.Mask)
      (net 9 "Net-(C2-Pad2)"))
    (pad 1 thru_hole rect (at 0 0 180) (size 1.52 1.52) (drill 0.8) (layers *.Cu *.Mask)
      (net 1 GND))
    (model ${KISYS3DMOD}/TO_SOT_Packages_THT.3dshapes/TO-92_Inline_Wide.wrl
      (offset (xyz 2.539999961853027 0 0))
      (scale (xyz 1 1 1))
      (rotate (xyz 0 0 -90))
    )
  )

  (module Capacitors_THT:C_Disc_D4.7mm_W2.5mm_P5.00mm (layer F.Cu) (tedit 5C7042BA) (tstamp 5C707106)
    (at 138.604 80.01 180)
    (descr "C, Disc series, Radial, pin pitch=5.00mm, , diameter*width=4.7*2.5mm^2, Capacitor, http://www.vishay.com/docs/45233/krseries.pdf")
    (tags "C Disc series Radial pin pitch 5.00mm  diameter 4.7mm width 2.5mm Capacitor")
    (path /5C6F7D25)
    (fp_text reference C1 (at 2.46 -2.54 180) (layer F.SilkS)
      (effects (font (size 1.524 1.524) (thickness 0.2032)))
    )
    (fp_text value 0.1u (at 2.5 2.56 180) (layer F.Fab)
      (effects (font (size 1 1) (thickness 0.15)))
    )
    (fp_text user %R (at 2.5 0 180) (layer F.Fab)
      (effects (font (size 1 1) (thickness 0.15)))
    )
    (fp_line (start 6.05 -1.6) (end -1.05 -1.6) (layer F.CrtYd) (width 0.05))
    (fp_line (start 6.05 1.6) (end 6.05 -1.6) (layer F.CrtYd) (width 0.05))
    (fp_line (start -1.05 1.6) (end 6.05 1.6) (layer F.CrtYd) (width 0.05))
    (fp_line (start -1.05 -1.6) (end -1.05 1.6) (layer F.CrtYd) (width 0.05))
    (fp_line (start 4.91 0.996) (end 4.91 1.31) (layer F.SilkS) (width 0.12))
    (fp_line (start 4.91 -1.31) (end 4.91 -0.996) (layer F.SilkS) (width 0.12))
    (fp_line (start 0.09 0.996) (end 0.09 1.31) (layer F.SilkS) (width 0.12))
    (fp_line (start 0.09 -1.31) (end 0.09 -0.996) (layer F.SilkS) (width 0.12))
    (fp_line (start 0.09 1.31) (end 4.91 1.31) (layer F.SilkS) (width 0.12))
